CACHE type 5 produced by analog 6.0/Unix. Do not modify or delete!
T	0	0	2228	347	117	1146	104331378
D	25375357	25483135
17621	223	1	1	447
17621	267	1	1	447
17621	277	1	1	447
17622	7	1	1	447
17622	10	1	1	447
17622	45	7	0	513
17622	53	2	2	894
17622	54	5	5	2235
17622	59	2	2	894
17622	78	1	1	447
17622	116	2	2	894
17622	157	1	1	447
17622	235	1	1	447
17622	259	1	1	447
17623	9	1	1	447
17623	45	12	0	885
17623	67	4	4	1788
17623	78	1	1	447
17623	85	1	1	447
17623	92	1	1	447
17623	97	1	1	447
17623	113	1	1	447
17623	116	1	1	447
17623	156	1	1	447
17623	177	4	4	1788
17623	204	1	1	447
17623	210	2	2	894
17623	213	1	1	447
17623	257	4	4	1788
17624	16	1	1	447
17624	42	1	1	447
17624	84	1	1	447
17624	98	1	1	447
17624	100	1	1	447
17624	122	4	4	1788
17624	124	1	1	447
17624	142	1	1	447
17624	154	1	1	447
17624	165	1	1	447
17624	192	1	1	447
17624	219	1	1	447
17624	222	1	1	447
17624	243	1	1	447
17624	261	1	1	447
17624	287	1	1	447
17625	6	1	1	447
17625	9	1	1	447
17625	42	2	2	894
17625	91	1	1	447
17625	98	1	1	447
17625	128	1	1	447
17625	141	1	1	447
17625	148	1	1	447
17625	152	1	1	447
17625	165	1	1	447
17683	195	1	1	447
17683	204	1	1	447
17683	223	1	1	447
17683	258	1	1	447
17684	8	1	1	447
17684	82	2	2	894
17684	144	1	1	447
17684	147	1	1	447
17684	149	1	1	447
17684	152	2	2	894
17684	201	1	1	447
17684	206	1	1	447
17684	208	1	1	447
17684	217	2	2	894
17684	252	1	1	447
17685	8	1	1	447
17685	29	1	1	447
17685	46	1	0	64
17685	59	1	1	447
17685	64	1	1	447
17685	69	1	1	447
17685	134	1	1	447
17685	163	4	4	1788
17685	178	1	1	447
17685	185	2	2	894
17685	239	1	1	447
17685	247	1	1	447
17686	9	1	1	447
17686	16	1	1	447
17686	20	1	1	447
17686	37	1	1	447
17686	41	1	1	447
17686	42	1	1	447
17686	48	1	1	447
17686	63	2	2	894
17686	64	1	1	447
17686	124	1	1	447
17686	141	4	4	1788
17686	142	4	4	1788
17686	143	1	1	447
17686	164	4	4	1788
17686	198	2	2	894
17686	201	1	1	447
17686	207	1	1	447
17686	209	8	8	3576
17686	211	1	1	447
17686	213	8	8	3576
17686	216	1	1	447
17686	217	3	3	1341
17686	219	1	1	447
17686	238	1	1	624
17686	276	1	1	606
17686	283	1	1	624
17687	6	1	1	624
17687	8	1	1	624
17687	29	1	1	624
17687	51	1	1	624
17687	54	4	4	2424
17687	96	4	4	2424
17687	103	2	2	1248
17687	107	1	1	624
17687	115	2	2	1248
17687	121	7	7	4314
17687	144	1	1	624
17687	158	1	1	624
17687	164	1	1	624
17687	174	3	3	1836
17687	179	1	1	459
17687	182	1	1	459
17687	183	2	2	918
17687	232	1	1	459
17687	262	1	1	98817
17687	265	1	1	98551
17687	273	1	1	99045
17688	11	1	1	102466
17688	29	2	0	24
17688	44	1	1	102227
17688	49	2	2	205026
17688	81	1	0	24
17688	90	1	1	102349
17688	102	1	1	102502
17688	110	1	0	0
17688	118	1	1	459
17688	125	1	0	0
17688	128	1	0	0
17688	129	1	1	119147
17688	130	1	1	119165
17688	131	1	0	24
17688	162	1	1	119172
17688	163	1	1	118739
17688	194	1	1	118781
17688	217	2	1	119076
17688	218	1	1	102554
17688	222	2	1	102468
17688	225	2	2	102613
17688	226	1	0	0
17688	227	1	0	0
17688	252	7	0	510937
17688	262	7	7	101569
17688	263	1	1	6
17688	268	12	1	122878
17688	275	12	1	122878
17688	281	3	2	4642
17688	285	2	0	4
17689	0	1	1	2321
17689	5	1	0	13
17689	7	1	1	2321
17689	8	12	0	123082
17689	12	2	0	178890
17689	13	3	0	268335
17689	16	2	0	178890
17689	17	6	0	1471718
17689	28	1	1	2321
17689	37	18	1	1758963
17689	44	1	1	2321
17689	51	2	1	2321
17689	65	1	1	2321
17689	76	1	1	2321
17689	83	4	2	4690
17689	137	49	0	3415523
17689	138	52	0	639124
17689	140	58	0	1535792
17689	141	51	0	142584
17689	143	109	0	1222113
17689	146	39	0	1034870
17689	147	36	0	740867
17689	149	39	0	1988328
17689	152	1	0	0
17689	153	13	1	1400351
17689	157	2	1	2345
17689	168	2	1	2321
17689	186	3	1	4666
17689	188	1	1	2321
17689	217	2	2	4642
17689	233	4	2	4690
17689	245	2	1	2345
17689	265	1	0	2321
17689	268	34	1	1117717
17689	269	137	0	2342034
17689	275	1	1	2321
17689	276	1	1	2321
17689	278	1	0	24
17689	279	67	0	3430133
17689	280	5	0	69840
17690	0	76	0	3134086
17690	9	1	1	2321
17690	28	1	1	2321
17690	39	1	1	2321
17690	63	1	1	2321
17690	100	2	1	2321
17690	104	46	0	2731764
17690	105	120	0	1673168
17690	107	58	0	4288999
17690	108	53	0	3736869
17690	111	48	0	1028565
17690	112	2	1	2345
17690	115	1	0	0
17690	125	1	0	0
17690	126	48	0	3414840
17690	128	23	0	813047
17690	131	1	0	89445
17690	132	1	1	2321
17690	140	17	0	1653311
17690	142	7	0	1664290
17690	147	33	0	3598345
17690	150	15	0	1474239
17690	151	17	0	1664290
17690	152	40	0	2282143
17690	153	51	0	7814495
17690	154	8	0	89241
17690	155	58	0	10518964
17690	159	3	2	4666
17690	183	1	1	2321
17690	186	64	0	7147456
17690	187	19	0	1753528
17690	188	32	0	2822555
17690	193	43	0	3778448
17690	211	2	0	521
17690	224	14	0	281401
17690	225	4	0	192
17690	230	2	0	89705
17690	231	32	0	4152312
17690	241	3	1	2494
17690	247	16	0	1312769
17690	249	2	1	2321
17690	277	1	0	24
17691	7	1	1	2321
17691	10	1	1	2321
17691	14	1	1	2321
17691	32	1	1	2321
17691	40	2	1	2345
17691	46	3	0	192
17691	80	1	1	2321
17691	102	1	1	2321
17691	124	1	1	2321
17691	126	1	0	173
17691	140	1	0	173
17691	187	1	0	24
17691	202	1	1	2321
17691	217	1	1	2321
17691	225	1	0	173
17691	228	1	0	2321
17691	232	2	1	2321
17691	245	4	2	4690
17691	268	1	0	173
17691	272	1	0	173
17692	8	1	1	2321
17692	37	1	1	2321
17692	52	5	3	7011
17692	125	2	1	2345
17692	145	1	0	173
17692	150	1	1	2321
17692	184	1	1	2321
17692	234	2	1	2345
17692	236	2	1	2321
17693	0	2	2	4642
17693	11	1	1	2321
17693	16	2	1	2321
17693	23	1	1	2321
17693	74	1	1	2321
17693	90	1	1	2321
17693	91	1	0	24
17693	210	1	1	2321
17693	212	1	1	2321
17693	217	2	2	4642
17693	226	4	2	4690
17693	237	1	1	2321
17693	271	1	1	2321
17694	21	2	1	2345
17694	134	1	1	2321
17694	153	1	0	173
17694	154	47	0	3370041
17694	162	1	0	24
17694	173	1	1	2321
17694	181	1	1	2321
17694	193	1	1	2321
17694	218	2	1	2321
17694	238	2	1	2345
17694	285	1	1	2321
17695	5	1	1	2321
17695	12	4	2	4690
17695	28	2	1	2345
17695	37	1	1	2321
17695	49	2	2	4642
17695	51	1	1	2321
17695	58	1	1	2321
17695	60	1	1	2321
17695	70	1	0	24
17695	77	1	1	2321
17695	138	4	2	4690
17695	149	1	1	2321
17695	150	2	1	2345
17695	190	2	1	2345
17695	210	4	2	4690
17695	222	2	1	2321
17695	228	3	1	2345
17695	229	2	2	4642
17695	232	1	1	2321
17695	270	1	1	2321
17696	30	1	1	2321
17696	37	2	2	4642
17696	45	1	1	2321
17696	49	1	1	2321
17696	59	2	1	2345
17696	82	2	1	2345
17696	121	1	0	173
17696	136	2	1	2321
17696	159	1	0	173
17696	160	25	2	1726027
17696	161	1	1	2321
17696	162	3	2	4666
17696	163	2	1	2321
17696	173	1	1	2321
1	1	0	0	0	25474139	0	0	25474139	0	0	60241	/assets/img/contacts/sekond_hend3.jpg
1	0	0	0	1	0	0	25379387	0	0	25379387	0	/wp/wp-includes/wlwmanifest.xml
1	24	0	0	0	25480130	0	0	25472846	0	0	11340	/assets/img/heart.svg
1	4	0	0	0	25474126	0	0	25472894	0	0	93644	/assets/img/child/185637-OX1KA6-851.jpg
1	4	0	0	0	25474129	0	0	25473604	0	0	134493	/house
1	0	0	0	1	0	0	25463742	0	0	25463742	0	/images/index.htm
1	25	0	0	0	25480130	0	0	25472846	0	0	20784	/assets/img/shopping-cart.svg
1	0	0	0	3	0	0	25475909	0	0	25475806	0	/overlay.php
1	17	0	0	0	25480130	0	0	25472846	0	0	520632	/assets/img/main/823.jpg
1	0	0	0	4	0	0	25472126	0	0	25472062	0	/cabinet/css/style.css
1	17	0	0	0	25480130	0	0	25472846	0	0	486832	/assets/img/main/Untitled-1.png
1	1	0	0	0	25473604	0	0	25473604	0	0	73467	/assets/img/food/shutterstock_144235945.jpg
1	0	0	0	3	0	0	25480847	0	0	25480653	0	/libraries/index.php
1	1	0	0	0	25473604	0	0	25473604	0	0	27069	/assets/img/home/6464.jpg
1	0	0	0	3	0	0	25478651	0	0	25478277	0	/11.php
1	5	0	0	0	25474126	0	0	25472850	0	0	254469	/assets/img/woman/shutterstock_706354726.jpg
1	2	2	0	0	25468889	0	0	25468889	0	0	894	/?utm_source=facebook&utm_medium=cpc&utm_campaign=split1
1	0	0	0	6	0	0	25482748	0	0	25376430	0	/admin.php
1	1	0	0	0	25473604	0	0	25473604	0	0	85203	/assets/img/food/443.jpg
1	17	0	0	3	25483041	0	25474338	25474350	0	25474337	1134	/assets/iconic/svg/share.svg
1	0	0	0	1	0	0	25465559	0	0	25465559	0	/auth/register
1	1	0	0	0	25475271	0	0	25475271	0	0	64	/.well-known/pki-validation/B660EAD28F47B3B15C3571E1060E64A2.txt
1	4	0	0	0	25474126	0	0	25472877	0	0	493395	/assets/img/man/6453.jpg
1	0	0	0	1	0	0	25463742	0	0	25463742	0	/engine/engine.php
1	24	0	0	0	25480130	0	0	25472846	0	0	207272	/assets/css/bootstrap.min.css
1	0	0	0	1	0	0	25473092	0	0	25473092	0	/netcat
1	3	0	0	1	25474567	0	25474356	25474364	0	25474356	168198	/assets/img/shops/shop2.jpg
1	7	0	0	3	25483041	0	25474357	25474363	0	25474355	256866	/assets/img/goods/5.jpg
1	23	0	0	0	25480130	0	0	25472846	0	0	12870	/assets/css/reset.css
1	5	0	0	0	25474567	0	0	25474364	0	0	195740	/assets/img/categories/cat1.jpg
1	24	0	0	0	25480130	0	0	25472846	0	0	20328	/assets/img/avatar.svg
1	1	0	0	0	25377348	0	0	25377348	0	0	64	/.well-known/pki-validation/84D3DAA9EA261F97562CD07D096D6969.txt
1	2	0	0	0	25474139	0	0	25474139	0	0	50474	/contacts
1	1	0	0	0	25474139	0	0	25474139	0	0	58967	/assets/img/contacts/4188012825f74860b5b47ca746e7.jpg
1	0	0	1	0	0	25477923	0	0	25477923	0	0	/manager/
1	0	0	0	1	0	0	25473092	0	0	25473092	0	/administrator
1	2	0	0	0	25473558	0	0	25472898	0	0	82894	/assets/img/accessory/OMWR720 copy.jpg
1	0	0	1	0	0	25477923	0	0	25477923	0	0	/admin/
1	24	0	0	0	25480130	0	0	25472846	0	0	20306	/assets/img/network/vk.svg
1	24	0	0	0	25480130	0	0	25472846	0	0	11726	/assets/img/network/telegram.svg
1	0	0	0	1	0	0	25477923	0	0	25477923	0	/js/mage/cookies.js
1	5	0	0	11	25474303	0	25474335	25472062	0	25472222	855	/static/iconic/svg/envelope-closed.svg
1	4	0	0	0	25474126	0	0	25472877	0	0	748413	/assets/img/man/155.jpg
1	0	0	0	2	0	0	25472853	0	0	25472853	0	/wom
1	2	0	0	0	25474755	0	0	25474365	0	0	635912	/assets/img/newProduct/white1.jpg
1	1	0	0	0	25473604	0	0	25473604	0	0	33543	/assets/img/home/OMWR3Q0.jpg
1	5	0	0	0	25474126	0	0	25472850	0	0	331644	/assets/img/woman/shutterstock_252078328.jpg
1	1	0	0	4	25475976	0	25465965	25475976	0	25457380	24	/robots.txt?82.202.201.59
1	3	0	0	0	25474126	0	0	25472877	0	0	106338	/assets/img/man/shutterstock_580579783.jpg
1	26	0	0	12	25480130	0	25474232	25472846	0	25473500	1231382	/main
1	1	0	0	0	25473604	0	0	25473604	0	0	16590	/assets/img/home/shutterstock_49397524.jpg
1	0	0	2	0	0	25472125	0	0	25472067	0	0	/owner/
1	12	0	0	0	25480130	0	0	25472846	0	0	3166956	/assets/fonts/Ubuntu-Regular.ttf
1	17	0	0	0	25480130	0	0	25472846	0	0	143406	/assets/img/main/shutterstock_489283999.jpg
1	0	0	0	1	0	0	25473092	0	0	25473092	0	/users/sign_in
1	1	0	0	0	25474139	0	0	25474139	0	0	56066	/assets/img/contacts/fightnight2-800x491.jpg
1	0	0	0	3	0	0	25467916	0	0	25458996	0	/user/photo140/
1	0	0	0	1	0	0	25474314	0	0	25474314	0	/static/img/users/avatar4.png
1	1	0	0	0	25473604	0	0	25473604	0	0	108962	/assets/img/food/shutterstock_749093326.jpg
1	2	0	0	0	25474755	0	0	25474365	0	0	621620	/assets/img/newProduct/broun2.jpg
1	0	0	0	3	0	0	25467916	0	0	25458996	0	/avto_moto/
1	0	0	0	2	0	0	25456612	0	0	25456612	0	/index.php?option=com_user&task=register
1	0	0	1	0	0	25473511	0	0	25473511	0	0	/man/
1	0	0	0	8	0	0	25474351	0	0	25474314	0	/static/img/goods/3.jpg
1	0	0	0	3	0	0	25467917	0	0	25458996	0	/erotika/
1	25	0	0	0	25480130	0	0	25472846	0	0	194112	/assets/img/Wishlist/703.jpg
1	0	0	0	1	0	0	25473092	0	0	25473092	0	/mscms
1	2	0	0	0	25473558	0	0	25472898	0	0	79990	/assets/img/accessory/OMWR3Q0.jpg
1	0	0	0	1	0	0	25473676	0	0	25473676	0	/admin/login
1	5	0	0	0	25474567	0	0	25474364	0	0	207012	/assets/img/categories/cat7.jpg
1	0	0	0	40	0	0	25483041	0	0	25472200	0	/bootstrap4/css/bootstrap.min.css
1	0	0	0	5	0	0	25474351	0	0	25474337	0	/static/img/newProduct/black3.jpg
1	1	0	0	0	25474139	0	0	25474139	0	0	51615	/assets/img/contacts/p_F_main.jpg
1	0	0	0	1	0	0	25463742	0	0	25463742	0	/clientscript/vbulletin_tabctrl_rtl.css
1	0	0	0	1	0	0	25458674	0	0	25458674	0	/wordpress/
1	1	0	0	0	25473604	0	0	25473604	0	0	64897	/assets/img/home/shutterstock_757996786.jpg
1	0	0	0	1	0	0	25458674	0	0	25458674	0	/wp/
1	13	0	0	9	25483041	0	25474357	25474363	0	25474337	195160	/assets/img/statistic.jpg
1	1	0	0	0	25472898	0	0	25472898	0	0	32611	/assets/img/accessory/OK2UMN0.jpg
1	1	0	0	0	25473604	0	0	25473604	0	0	24229	/assets/img/home/shutterstock_424803778.jpg
1	5	0	0	11	25474303	0	25474335	25472062	0	25472222	2225	/static/iconic/svg/cart.svg
1	4	0	0	0	25474374	0	0	25474355	0	0	68597	/static/js/app.1cdcad5fd8c08fadda34.js
1	18	0	0	0	25480130	0	0	25472846	0	0	438352	/assets/img/main/shutterstock_666401173.jpg
1	4	0	0	1	25474755	0	25474356	25474364	0	25474356	1180820	/assets/img/newProduct/black.jpg
1	0	0	1	0	0	25464500	0	0	25464500	0	0	/goome.ru
1	5	0	0	19	25474303	0	25474567	25472062	0	25472222	775	/static/iconic/svg/star.svg
1	4	0	0	0	25474126	0	0	25472894	0	0	197440	/assets/img/child/66.jpg
1	3	0	0	0	25473604	0	0	25472894	0	0	154740	/assets/img/child/6982.jpg
1	0	0	0	1	0	0	25474314	0	0	25474314	0	/static/img/articles/size1.png
1	0	0	0	3	0	0	25482930	0	0	25482721	0	/wp-datas.php
1	7	0	0	3	25483041	0	25474357	25474363	0	25474355	183096	/assets/img/goods/6.jpg
1	5	0	0	0	25474567	0	0	25474364	0	0	552300	/assets/img/categories/cat2.jpg
1	42	0	0	36	25483041	0	25472200	25472186	0	25472067	3664277	/owner
1	5	0	0	12	25474303	0	25474335	25472062	0	25472222	800	/static/iconic/svg/share.svg
1	0	0	0	5	0	0	25472241	0	0	25472227	0	/static/css/app.4af2b7dc75457b745ee3271a729e8e0f.css
1	1	0	0	0	25474531	0	0	25474531	0	0	170844	/static/js/app.99f444358d3878f507ab.js.map
1	0	0	0	1	0	0	25379387	0	0	25379387	0	/site/wp-includes/wlwmanifest.xml
1	6	0	0	2	25474567	0	25474356	25474363	0	25474356	190370	/assets/img/users/avatar4.png
1	3	0	0	0	25473604	0	0	25472898	0	0	234495	/assets/img/accessory/shutterstock_714282703.jpg
1	17	0	0	0	25480130	0	0	25472846	0	0	527634	/assets/img/main/174575-OW42PF-764.jpg
1	24	0	0	0	25480130	0	0	25472846	0	0	7070	/assets/img/rectangle-3.svg
1	5	0	0	0	25474126	0	0	25472850	0	0	91548	/assets/img/man/shutterstock-378041188.jpg
1	0	0	0	1	0	0	25473092	0	0	25473092	0	/static/common.css
1	0	0	0	1	0	0	25379387	0	0	25379387	0	/cms/wp-includes/wlwmanifest.xml
1	0	0	0	5	0	0	25474351	0	0	25474337	0	/static/img/newProduct/broun1.jpg
1	5	0	0	0	25474140	0	0	25472894	0	0	640375	/assets/img/child/shutterstock_612935924.jpg
1	0	0	0	1	0	0	25473092	0	0	25473092	0	/cms
1	0	0	0	2	0	0	25480376	0	0	25480376	0	/up.php
1	2	0	0	0	25474755	0	0	25474365	0	0	460730	/assets/img/newProduct/white2.jpg
1	0	0	0	1	0	0	25473092	0	0	25473092	0	/js/front.min.js
1	28	0	0	0	25483041	0	0	25474337	0	0	2941	/assets/iconic/svg/envelope-closed.svg
1	24	0	0	0	25480130	0	0	25472846	0	0	9464	/assets/img/network/facebook.svg
1	0	0	0	3	0	0	25467916	0	0	25458996	0	/video_prikoli/
1	4	0	0	0	25375909	0	0	25375908	0	0	308	/.well-known/pki-validation/883C4AFEAD882DF0998426C43D007EA3.txt
1	17	0	0	0	25483041	0	0	25474337	0	0	3584	/assets/iconic/svg/cart.svg
1	24	0	0	0	25480130	0	0	25472846	0	0	18954	/assets/img/network/instagram.svg
1	41	0	0	88	25483051	0	25470198	25470868	0	25375357	984	/robots.txt
1	2	2	0	0	25468889	0	0	25468889	0	0	894	/?utm_source=facebook&utm_medium=cpc&utm_campaign=proizvoditeli
1	17	0	0	7	25483041	0	25474338	25474350	0	25474337	1256	/assets/iconic/svg/star.svg
1	1	0	0	0	25473604	0	0	25473604	0	0	61699	/assets/img/food/351.jpg
1	7	0	0	1	25474567	0	25474356	25474365	0	25474356	604312	/assets/img/articles/size1.png
1	1	0	0	0	25473604	0	0	25473604	0	0	30867	/assets/img/home/3694.jpg
1	7	0	0	3	25483041	0	25474357	25474363	0	25474355	1496826	/assets/img/goods/1.jpg
1	3	0	0	0	25473604	0	0	25472898	0	0	51495	/assets/img/accessory/LO816AC35TUY.jpg
1	18	0	0	0	25480130	0	0	25472846	0	0	414024	/assets/img/main/shutterstock_596878424.jpg
1	1	0	0	0	25473604	0	0	25473604	0	0	104155	/assets/img/home/143707-OTC0F5-979.jpg
1	0	0	0	1	0	0	25473092	0	0	25473092	0	/administrator.php
1	21	0	0	13	25483041	0	25472241	25472247	0	25472062	13712	/static/js/manifest.2ae2e69a05c33dfc65f8.js
1	0	0	0	1	0	0	25474314	0	0	25474314	0	/static/img/users/avatar5.png
1	1	0	0	7	25472149	0	25472161	25472149	0	25472151	4	/test
1	2	0	0	0	25474755	0	0	25474365	0	0	542988	/assets/img/newProduct/broun3.jpg
1	0	0	0	3	0	0	25469515	0	0	25468235	0	/tmp.php
1	18	0	0	0	25480130	0	0	25472846	0	0	720664	/assets/img/main/Layer-1-copy(1).jpg
1	0	0	0	1	0	0	25474314	0	0	25474314	0	/static/img/articles/size2.jpg
1	0	0	0	21	0	0	25483041	0	0	25474337	0	/assets/iconic/font/css/open-/assets/iconic-bootstrap.css
1	0	0	0	1	0	0	25473530	0	0	25473530	0	/assets/
1	0	0	0	8	0	0	25474351	0	0	25474314	0	/static/img/goods/4.jpg
1	5	0	0	41	25474303	0	25474755	25472062	0	25472222	2200	/static/iconic/svg/aperture.svg
1	1	0	0	0	25473604	0	0	25473604	0	0	41792	/assets/img/food/shutterstock_182853419.jpg
1	17	0	0	0	25480130	0	0	25472846	0	0	2674872	/assets/img/main/woman.png
1	0	0	2	0	0	25482748	0	0	25474759	0	0	/index.php/admin/
1	1	0	0	0	25473604	0	0	25473604	0	0	44663	/assets/img/home/shutterstock_426929014.jpg
1	5	0	0	0	25474567	0	0	25474364	0	0	219176	/assets/img/categories/cat8.jpg
1	1	0	0	0	25474139	0	0	25474139	0	0	63299	/assets/img/contacts/a8a4980b1c5e4fb1a8fd4d0999e8.jpg
1	6	0	0	0	25474126	0	0	25472850	0	0	208184	/woman
1	1	0	0	0	25377348	0	0	25377348	0	0	64	/.well-known/pki-validation/73F90468A00E9793477FCF8842B1E8A9.txt
1	0	0	0	6	0	0	25474351	0	0	25474314	0	/static/img/newProduct/black.jpg
1	1	0	0	0	25473604	0	0	25473604	0	0	63747	/assets/img/home/28.jpg
1	5	0	0	11	25474303	0	25474335	25472062	0	25472222	1360	/static/iconic/svg/person.svg
1	0	0	1	0	0	25473092	0	0	25473092	0	0	/netcat/
1	0	0	0	1	0	0	25379387	0	0	25379387	0	/wp-includes/wlwmanifest.xml
1	9	9	2	0	25480327	25463035	0	25464499	25460248	0	127991	/?82.202.201.59
1	21	0	0	0	25483041	0	0	25472247	0	0	2281760	/static/css/app.5a3e108f630490f5cee1559b33b497ae.css
1	0	0	0	1	0	0	25469062	0	0	25469062	0	/blog/xmlrpc.php
1	2	0	0	0	25473558	0	0	25472898	0	0	68770	/assets/img/accessory/stockvault-necklace111305.jpg
1	0	0	0	26	0	0	25483135	0	0	25376846	0	/ads.txt
1	17	0	0	7	25483041	0	25474338	25474350	0	25474337	2912	/assets/iconic/svg/thumb-up.svg
1	6	0	0	0	25483041	0	0	25474544	0	0	412062	/static/js/app.2034c35c4746ba586a74.js
1	5	0	0	12	25474303	0	25474335	25472062	0	25472222	2130	/static/iconic/svg/eye.svg
1	0	0	0	2	0	0	25482748	0	0	25473268	0	/admin/index.php?route=common/login
1	0	0	0	3	0	0	25477293	0	0	25477082	0	/modules/modules.php
1	17	0	0	0	25483041	0	0	25474337	0	0	3432	/assets/iconic/svg/eye.svg
1	25	0	0	0	25480130	0	0	25472846	0	0	95112	/assets/js/script.js
1	0	0	0	12	0	0	25474797	0	0	25473300	0	/upgrade-network.php
1	2	0	0	0	25474126	0	0	25473604	0	0	64574	/decor
1	0	0	0	1	0	0	25379387	0	0	25379387	0	/wordpress/wp-includes/wlwmanifest.xml
1	0	0	1	0	0	25473092	0	0	25473092	0	0	/cms/
1	7	0	0	1	25474567	0	25474356	25474365	0	25474356	404040	/assets/img/articles/size2.jpg
1	1	0	0	0	25473604	0	0	25473604	0	0	61008	/assets/img/food/shutterstock_540059164.jpg
1	1	0	0	0	25473604	0	0	25473604	0	0	69456	/assets/img/food/199.jpg
1	0	0	0	1	0	0	25473092	0	0	25473092	0	/admin/login.php
1	0	0	0	5	0	0	25474351	0	0	25474337	0	/static/img/newProduct/white1.jpg
1	4	0	0	0	25474303	0	0	25472247	0	0	274388	/static/js/app.cf47e696715461caeb69.js
1	18	0	0	0	25480130	0	0	25472846	0	0	1536876	/assets/img/main/1.jpg
1	0	0	0	10	0	0	25480171	0	0	25379440	0	/sitemap.xml
1	0	0	1	0	0	25473092	0	0	25473092	0	0	/mscms/
1	3	0	0	0	25473604	0	0	25472894	0	0	107415	/assets/img/child/OP41GV0.jpg
1	16	0	0	0	25480130	0	0	25472846	0	0	440415	/assets/img/main/4488.jpg
1	0	0	0	1	0	0	25474314	0	0	25474314	0	/static/img/users/avatar6.jpg
1	0	0	0	1	0	0	25463742	0	0	25463742	0	/common.php
1	5	0	0	0	25474567	0	0	25474364	0	0	349556	/assets/img/categories/cat3.jpg
1	3	0	0	0	25473604	0	0	25472894	0	0	174627	/assets/img/child/shutterstock_200870666.jpg
1	0	0	0	4	0	0	25468558	0	0	25456393	0	/blog/
1	18	0	0	0	25480130	0	0	25472846	0	0	918192	/assets/img/main/151720-OU3TWY-72(1).jpg
1	0	0	0	40	0	0	25483041	0	0	25472200	0	/css/style.css
1	6	0	0	2	25474567	0	25474356	25474363	0	25474356	708545	/assets/img/users/avatar5.png
1	4	0	0	0	25473558	0	0	25472850	0	0	49130	/assets/img/man/193795-oxyo6x-27.jpg
1	12	0	0	0	25480130	0	0	25472846	0	0	2984508	/assets/fonts/Ubuntu-Bold.ttf
1	3	3	0	0	25468664	0	0	25379174	0	0	1341	/?C=M&O=A
1	0	0	0	40	0	0	25483041	0	0	25472200	0	/css/mobile.css
1	1	0	0	0	25474728	0	0	25474728	0	0	64	/.well-known/pki-validation/3BF1C1DAF70302DF5E0EF4AC86217112.txt
1	0	0	0	1	0	0	25482236	0	0	25482236	0	/old/wp-admin/setup-config.php?step=1
1	0	0	0	5	0	0	25474351	0	0	25474337	0	/static/img/newProduct/broun2.jpg
1	17	0	0	0	25480130	0	0	25472846	0	0	786501	/assets/img/main/5868.jpg
1	2	0	0	0	25474755	0	0	25474365	0	0	608268	/assets/img/newProduct/white3.jpg
1	24	0	0	0	25480130	0	0	25472846	0	0	1390816	/assets/css/style.css
1	2	0	0	0	25474755	0	0	25474365	0	0	391352	/assets/img/newProduct/balck2.jpg
1	1	0	0	0	25375908	0	0	25375908	0	0	77	/.well-known/pki-validation/21659F351905E633FAF9E912D47E53EB.txt
1	2	0	0	0	25474366	0	0	25474366	0	0	341706	/static/js/app.1cdcad5fd8c08fadda34.js.map
1	17	0	0	0	25483041	0	0	25474337	0	0	2192	/assets/iconic/svg/person.svg
1	1	0	0	0	25472876	0	0	25472876	0	0	86659	/assets/js/jquery-3.2.1.min.js?
1	13	0	0	9	25483041	0	25474357	25474363	0	25474337	21385	/assets/img/graph.svg
1	0	0	0	23	0	0	25474335	0	0	25472062	0	/static/iconic/font/css/open-/static/iconic-bootstrap.css
1	0	0	0	1	0	0	25474314	0	0	25474314	0	/static/img/users/avatar1.jpg
1	1	0	0	0	25473604	0	0	25473604	0	0	102156	/assets/img/home/230003-P1ZDQK-188.jpg
1	3	0	0	19	25472200	0	25474335	25472062	0	25472222	9162	/static/img/graph.svg
1	7	0	0	3	25483041	0	25474357	25474363	0	25474355	147390	/assets/img/goods/2.jpg
1	0	0	0	1	0	0	25474314	0	0	25474314	0	/static/img/articles/size3.jpg
1	25	0	0	0	25480130	0	0	25472846	0	0	20784	/assets/img/shopping-cart-black.svg
1	6	0	0	0	25377349	0	0	25377348	0	0	462	/.well-known/pki-validation/72B921C4D97F05E73B5045AE304FC1AD.txt
1	25	0	0	0	25474567	0	0	25472247	0	0	4819400	/static/css/app.5a3e108f630490f5cee1559b33b497ae.css.map
1	0	0	0	8	0	0	25474351	0	0	25474314	0	/static/img/goods/5.jpg
1	16	0	0	0	25480130	0	0	25472846	0	0	3029256	/assets/img/main/923 copy.jpg
1	24	0	0	0	25474244	0	0	25472846	0	0	492789	/assets/js/velocity.js
1	1	0	0	0	25375908	0	0	25375908	0	0	64	/.well-known/pki-validation/29893ED6C75EAE2E6CC2E6866015DCE6.txt
1	0	0	0	12	0	0	25467439	0	0	25466060	0	/wp-pols.php
1	25	0	0	0	25480130	0	0	25472846	0	0	11340	/assets/img/heartBlack.svg
1	6	0	0	0	25474530	0	0	25474366	0	0	13675686	/static/js/vendor.ae696f57a3546fe0dcd0.js.map
1	24	0	0	0	25480130	0	0	25472846	0	0	11676	/assets/img/magnifying-glass.svg
1	6	0	0	2	25474567	0	25474356	25474363	0	25474356	68120	/assets/img/users/avatar6.jpg
1	3	0	0	0	25474126	0	0	25472894	0	0	144690	/assets/img/child/shutterstock_563089432.jpg
1	3	0	0	1	25474158	0	25474155	25474157	0	25474155	103614	/help
1	5	0	0	11	25474303	0	25474335	25472062	0	25472222	1365	/static/iconic/svg/bell.svg
1	2	2	0	0	25468905	0	0	25468905	0	0	894	/?C=M;O=D
1	3	0	0	0	25473604	0	0	25472894	0	0	224319	/assets/img/child/shutterstock_691303177.jpg
1	0	0	2	0	0	25472098	0	0	25472062	0	0	/cabinet
1	0	0	0	3	0	0	25456981	0	0	25456416	0	/Marvins.php
1	6	6	0	0	25468550	0	0	25377456	0	0	2682	/?C=M;O=A
1	1	0	0	0	25473604	0	0	25473604	0	0	165731	/assets/img/food/superfood.jpg
1	4	0	0	0	25474126	0	0	25472894	0	0	93292	/assets/img/child/666.jpg
1	0	0	0	2	0	0	25458441	0	0	25457487	0	/gtde.php
1	5	0	0	0	25474126	0	0	25472850	0	0	163524	/assets/img/woman/shutterstock_683094385.jpg
1	2	0	0	6	25476181	0	25463439	25473488	0	25375697	4642	/index.php
1	3	3	0	0	25468663	0	0	25379174	0	0	1341	/?C=S&O=A
1	0	0	0	1	0	0	25473092	0	0	25473092	0	/manager
1	1	0	0	0	25473604	0	0	25473604	0	0	34435	/assets/img/home/5187.jpg
1	1	0	0	0	25473604	0	0	25473604	0	0	100355	/assets/img/food/14949633624190.jpg
1	1	0	0	0	25472875	0	0	25472875	0	0	339360	/assets/fonts/Ubuntu-Medium.ttf
1	1	1	0	0	25469761	0	0	25469761	0	0	606	/goome.ru/?C=M;O=D
1	1	0	0	0	25475271	0	0	25475271	0	0	64	/.well-known/pki-validation/0BD07F22F6DE58A71EF60E76208544CF.txt
1	7	0	0	1	25474567	0	25474356	25474365	0	25474356	206496	/assets/img/articles/size3.jpg
1	1	0	0	0	25475271	0	0	25475271	0	0	64	/.well-known/pki-validation/81420C6F5B64DC90E1FA75D9DB41F4B8.txt
1	0	0	0	5	0	0	25474351	0	0	25474337	0	/static/img/newProduct/white2.jpg
1	1	1	0	0	25469554	0	0	25469554	0	0	606	/goome.ru/?C=M;O=A
1	2	2	0	0	25468889	0	0	25468889	0	0	894	/?utm_source=facebook&utm_medium=cpc&utm_campaign=marketing
1	0	0	0	7	0	0	25472223	0	0	25472062	0	/static/css/app.6ab7467c5b056dabd46b52d472ca9067.css
1	17	0	0	0	25480130	0	0	25472846	0	0	1640568	/assets/img/main/2.jpg
1	1	0	0	0	25474728	0	0	25474728	0	0	64	/.well-known/pki-validation/0AFA7CCB4817C2F6B45121000FD93B8C.txt
1	1	0	0	0	25473604	0	0	25473604	0	0	110887	/assets/img/home/Layer-12.jpg
1	0	0	0	1	0	0	25473966	0	0	25473966	0	/core/xpdo/changelog.txt
1	5	0	0	0	25474567	0	0	25474364	0	0	234504	/assets/img/categories/cat4.jpg
1	6	0	0	2	25474567	0	25474356	25474363	0	25474356	140420	/assets/img/users/avatar1.jpg
1	25	0	0	0	25480130	0	0	25472846	0	0	1126567	/assets/js/jquery-3.2.1.min.js
1	0	0	0	1	0	0	25460048	0	0	25460048	0	/clubs
1	1	0	0	0	25473604	0	0	25473604	0	0	18002	/assets/img/home/5240.jpg
1	1	0	0	0	25472898	0	0	25472898	0	0	9370	/assets/img/accessory/shutterstock_630353018.jpg
1	5	0	0	0	25474126	0	0	25472894	0	0	98228	/assets/img/child/shutterstock_708154048.jpg
1	0	0	0	2	0	0	25460689	0	0	25460689	0	/administrator/components/com_jinc/classes/graphics/php-ofc-library/ofc_upload_image.php
1	0	0	0	1	0	0	25473237	0	0	25473237	0	/cms/lang/ru_utf8/css/sbIndex.css
1	0	0	0	1	0	0	25473092	0	0	25473092	0	/cms/admin
1	3	3	0	0	25468663	0	0	25379174	0	0	1341	/?C=N&O=D
1	0	0	1	0	0	25473092	0	0	25473092	0	0	/cms/admin/
1	3	0	0	19	25472200	0	25474335	25472062	0	25472222	83640	/static/img/statistic.jpg
1	17	0	0	0	25483041	0	0	25474337	0	0	2200	/assets/iconic/svg/bell.svg
1	0	0	1	2	0	25472066	25472064	0	25472066	25472064	0	/admin_panel/
1	21	0	0	0	25480130	0	0	25472846	0	0	6303	/assets/img/star.svg
1	17	0	0	0	25480130	0	0	25472846	0	0	419610	/assets/img/main/oaiiqz0.jpg
1	1	0	0	0	25473604	0	0	25473604	0	0	29307	/assets/img/food/OOJZ620.jpg
1	0	0	0	4	0	0	25472126	0	0	25472062	0	/cabinet/bootstrap4/css/bootstrap.min.css
1	0	0	0	5	0	0	25474351	0	0	25474337	0	/static/img/newProduct/broun3.jpg
1	6	0	0	3	25474140	0	25472893	25472894	0	25472892	215094	/children
1	2	0	0	0	25474530	0	0	25474377	0	0	137192	/static/js/app.5d2dacdb5a5713452926.js
1	4	0	0	0	25474126	0	0	25472894	0	0	154620	/assets/img/child/shutterstock_593635679.jpg
1	18	0	0	0	25480130	0	0	25472846	0	0	401880	/assets/img/main/OAIJZI0.jpg
1	0	0	0	1	0	0	25378769	0	0	25378769	0	/favicon.ico?1
1	18	0	0	0	25480130	0	0	25472846	0	0	766800	/assets/img/main/4935.jpg
1	2	2	0	0	25468906	0	0	25468905	0	0	894	/?C=S;O=D
1	0	0	0	10	0	0	25472223	0	0	25472062	0	/static/js/vendor.37f2871edc7ca02800af.js
1	0	0	0	1	0	0	25483051	0	0	25483051	0	/JiL0mhtEkBuoaddmZ16ovXFfU
1	0	0	0	1	0	0	25378006	0	0	25378006	0	/robots.txt?54.36.187.89
1	0	0	0	2	0	0	25456612	0	0	25456612	0	/user/register
1	5	5	0	0	25468550	0	0	25377456	0	0	2235	/?C=S;O=A
1	24	0	0	0	25480130	0	0	25472846	0	0	16770	/assets/img/network/what.svg
1	3	0	0	0	25473604	0	0	25472894	0	0	60750	/assets/img/child/OGF8FD0.jpg
1	7	0	0	3	25483041	0	25474357	25474363	0	25474355	155880	/assets/img/goods/3.jpg
1	0	0	0	1	0	0	25469062	0	0	25469062	0	/xmlrpc.php
1	3	3	1	0	25380826	25456392	0	25376468	25456392	0	1341	/?54.36.187.89
1	3	0	0	0	25474126	0	0	25472877	0	0	146985	/assets/img/man/shutterstock_589177022.jpg
1	1	0	0	0	25473604	0	0	25473604	0	0	50492	/assets/img/home/2792.jpg
1	0	0	2	0	0	25482748	0	0	25474759	0	0	/bitrix/admin/
1	1	1	0	0	25469761	0	0	25469761	0	0	606	/goome.ru/?C=S;O=D
1	5	0	0	0	25471984	0	0	25471980	0	0	510937	/i.php
1	3	0	0	0	25474126	0	0	25472877	0	0	77940	/assets/img/man/shutterstock_250333129.jpg
1	1	1	0	0	25469554	0	0	25469554	0	0	606	/goome.ru/?C=S;O=A
1	2	0	0	0	25473558	0	0	25472898	0	0	160202	/assets/img/accessory/198807-OYH4D7-506.jpg
1	0	0	0	4	0	0	25472126	0	0	25472062	0	/cabinet/css/mobile.css
1	2	2	0	0	25468889	0	0	25468889	0	0	894	/?utm_source=facebook&utm_medium=cpc&utm_campaign=remesla
1	0	0	0	8	0	0	25474351	0	0	25474314	0	/static/img/goods/6.jpg
1	0	0	0	3	0	0	25465150	0	0	25464649	0	/configuration.php
1	1	0	0	0	25473604	0	0	25473604	0	0	60821	/assets/img/home/242819-P3BJ4E-677.jpg
1	3	0	0	0	25473604	0	0	25472894	0	0	154692	/assets/img/child/shutterstock_508386571.jpg
1	5	0	0	20	25474303	0	25474567	25472062	0	25472222	1805	/static/iconic/svg/thumb-up.svg
1	24	0	0	0	25480130	0	0	25472846	0	0	293100	/assets/img/logo.png
1	1	0	0	0	25466634	0	0	25466634	0	0	64	/.well-known/pki-validation/9966E070D9449CC2120B1BEA2FF5BFC9.txt
1	6	6	0	0	25468550	0	0	25377456	0	0	2682	/?C=N;O=D
1	0	0	0	3	0	0	25479814	0	0	25479528	0	/layouts/modules.php
1	4	0	0	0	25474126	0	0	25472850	0	0	61660	/assets/img/woman/shutterstock_597730259.jpg
1	5	0	0	0	25474350	0	0	25474314	0	0	274388	/static/js/app.901af7dfef662c452277.js
1	2	2	0	0	25468905	0	0	25468905	0	0	894	/?C=N;O=A
1	4	0	0	0	25473558	0	0	25472850	0	0	85622	/assets/img/man/shutterstock-190521143.jpg
1	1	0	0	0	25377348	0	0	25377348	0	0	64	/.well-known/pki-validation/FBA3ADD741A086C14B1316CC725788FD.txt
1	0	0	0	1	0	0	25379387	0	0	25379387	0	/blog/wp-includes/wlwmanifest.xml
1	2	0	0	0	25473558	0	0	25472898	0	0	120780	/assets/img/accessory/ONZ7U20.jpg
1	4	0	0	3	25474126	0	25472897	25472898	0	25472897	129505	/accessories
1	3	0	0	0	25473604	0	0	25472898	0	0	14049	/assets/img/accessory/shutterstock_618115577.jpg
1	0	0	0	1	0	0	25473092	0	0	25473092	0	/static/cartreminder.js
1	21	0	0	0	25480130	0	0	25472846	0	0	18634	/assets/img/like.svg
1	0	0	0	1	0	0	25474314	0	0	25474314	0	/static/img/users/avatar2.png
1	1	0	0	0	25474139	0	0	25474139	0	0	65707	/assets/img/contacts/95dd4045fc428c3be1e059e05175ec30.jpg
1	3	0	0	0	25473604	0	0	25472898	0	0	394488	/assets/img/accessory/4465.jpg
1	0	0	1	2	0	25479973	25471901	0	25479973	25461946	0	/feed/
1	1	1	0	0	25469554	0	0	25469554	0	0	606	/goome.ru/?C=N;O=D
1	0	0	0	1	0	0	25474314	0	0	25474314	0	/static/img/shops/shop1.jpg
1	0	0	0	5	0	0	25474351	0	0	25474337	0	/static/img/newProduct/white3.jpg
1	1	1	0	0	25469761	0	0	25469761	0	0	606	/goome.ru/?C=N;O=A
1	3	0	0	0	25474126	0	0	25473604	0	0	91551	/food
1	0	0	0	12	0	0	25474351	0	0	25474314	0	/static/img/goods/1.jpg
1	3	3	0	0	25468664	0	0	25379174	0	0	1341	/?C=D&O=A
1	17	0	0	0	25480130	0	0	25472846	0	0	1415200	/assets/img/main/3.jpg
1	0	0	0	5	0	0	25474351	0	0	25474337	0	/static/img/newProduct/balck2.jpg
1	0	0	0	3	0	0	25463712	0	0	25459526	0	/controller.php
1	1	0	0	0	25474728	0	0	25474728	0	0	64	/.well-known/pki-validation/1DD6950712F5A7BFBD584E0295367D8D.txt
1	1	0	0	0	25473604	0	0	25473604	0	0	44725	/assets/img/home/shutterstock_648116044.jpg
1	0	0	0	4	0	0	25477923	0	0	25472062	0	/admin
1	0	0	1	0	0	25473090	0	0	25473090	0	0	/admin/?82.202.201.59
1	5	0	0	0	25474567	0	0	25474364	0	0	226320	/assets/img/categories/cat5.jpg
1	38	0	0	30	25483057	0	25470176	25470868	0	25378407	0	/favicon.ico
1	0	0	1	0	0	25477923	0	0	25477923	0	0	/admin/content/sitetree/
1	1	0	0	0	25472898	0	0	25472898	0	0	99563	/assets/img/accessory/OS5SRQ0.jpg
1	1	0	0	0	25474377	0	0	25474377	0	0	170850	/static/js/app.5d2dacdb5a5713452926.js.map
1	0	0	0	2	0	0	25458674	0	0	25379387	0	/xmlrpc.php?rsd
1	0	0	0	1	0	0	25461768	0	0	25461768	0	/registration
1	0	0	0	2	0	0	25456612	0	0	25456612	0	/wp-login.php?action=register
1	21	0	0	0	25480130	0	0	25472846	0	0	13167	/assets/img/star2.svg
1	0	0	0	1	0	0	25465860	0	0	25465860	0	/.well-known/autoconfig/mail/config-v1.1.xml
1	6	6	0	0	25470152	0	0	25469224	0	0	3636	/goome.ru/
1	1	0	0	0	25472898	0	0	25472898	0	0	14373	/assets/img/accessory/shutterstock_617482925.jpg
1	1	0	0	0	25474139	0	0	25474139	0	0	53955	/assets/img/contacts/55e21c227e85aab8dab8b199a8d175ad.jpg
1	2	0	0	0	25474536	0	0	25474531	0	0	137188	/static/js/app.99f444358d3878f507ab.js
1	1	0	0	0	25472898	0	0	25472898	0	0	64575	/assets/img/accessory/shutterstock_763090708.jpg
1	2	0	0	0	25474755	0	0	25474365	0	0	375020	/assets/img/newProduct/black3.jpg
1	0	0	0	1	0	0	25474314	0	0	25474314	0	/static/img/users/avatar3.jpg
1	3	0	0	1	25474567	0	25474356	25474364	0	25474356	161865	/assets/img/shops/shop1.jpg
1	7	0	0	3	25483041	0	25474357	25474363	0	25474355	212676	/assets/img/goods/4.jpg
1	0	0	0	1	0	0	25463742	0	0	25463742	0	/index/40
1	2	2	0	0	25468905	0	0	25468905	0	0	894	/?C=D;O=D
1	2	2	0	2	25472098	0	25474262	25472062	0	25474262	178482	/cabinet/
1	6	0	0	2	25474567	0	25474356	25474363	0	25474356	1896070	/assets/img/users/avatar2.png
1	5	5	0	0	25468550	0	0	25377456	0	0	2235	/?C=D;O=A
1	21	0	0	10	25483041	0	25472241	25472247	0	25472227	16616361	/static/js/vendor.ae696f57a3546fe0dcd0.js
1	0	0	0	1	0	0	25473383	0	0	25473383	0	/cms/admin/index.php
1	0	0	0	5	0	0	25482748	0	0	25376430	0	/administrator/index.php
1	0	0	0	1	0	0	25473092	0	0	25473092	0	/adminzone
1	0	0	0	1	0	0	25474510	0	0	25474510	0	/upgrade-network.php?82.202.201.59
1	0	0	0	11	0	0	25472223	0	0	25472062	0	/static/js/app.21d4d1103ea04c016454.js
1	0	0	0	1	0	0	25481705	0	0	25481705	0	/plugins/modules.php?82.202.201.59
1	269	269	93	121	25483108	25464392	25472099	25375357	25456393	25471273	2250542	/
1	0	0	0	1	0	0	25482236	0	0	25482236	0	/wordpress/wp-admin/setup-config.php?step=1
1	5	0	0	12	25474126	0	25473557	25472877	0	25473501	169739	/man
1	0	0	0	10	0	0	25472241	0	0	25472227	0	/static/js/app.61884049355362e9dded.js
1	2	0	0	0	25474158	0	0	25474157	0	0	157759	/assets/img/footer/155642-OUET3T-397.jpg
1	1	1	0	0	25469761	0	0	25469761	0	0	606	/goome.ru/?C=D;O=D
1	0	0	0	2	0	0	25472853	0	0	25472853	0	/mai
1	1	1	0	0	25469554	0	0	25469554	0	0	606	/goome.ru/?C=D;O=A
1	2	0	0	0	25377348	0	0	25377348	0	0	154	/.well-known/pki-validation/C82B43B135F18EE43AC7545380CB9940.txt
1	0	0	0	1	0	0	25473821	0	0	25473821	0	/js/api.js
1	25	0	0	0	25480130	0	0	25472846	0	0	557219	/assets/js/slick.min.js
1	0	0	0	2	0	0	25481936	0	0	25481718	0	/plugins/modules.php
1	0	0	0	2	0	0	25482748	0	0	25473268	0	/user
1	0	0	0	1	0	0	25481479	0	0	25481479	0	/CHANGELOG.txt
1	1	0	0	0	25473604	0	0	25473604	0	0	46706	/assets/img/food/shutterstock_500202823.jpg
1	0	0	0	2	0	0	25379637	0	0	25379637	0	/modules/mod_simplefileuploadv1.3/elements/udd.php
1	0	0	0	2	0	0	25462121	0	0	25462121	0	/license.php
1	2	0	0	0	25474755	0	0	25474365	0	0	635554	/assets/img/newProduct/broun1.jpg
1	18	0	0	0	25480130	0	0	25472846	0	0	165168	/assets/img/main/shutterstock_564050482.jpg
1	0	0	0	3	0	0	25467916	0	0	25458996	0	/main/
1	1	0	0	2	25474244	0	25474243	25474244	0	25474241	45855	/rules
1	17	0	0	0	25480130	0	0	25472846	0	0	1104600	/assets/img/main/5436.jpg
1	0	0	0	6	0	0	25482748	0	0	25376430	0	/wp-login.php
1	0	0	0	1	0	0	25474314	0	0	25474314	0	/static/img/shops/shop2.jpg
1	0	0	0	1	0	0	25472066	0	0	25472066	0	/admin_panel
1	0	0	0	8	0	0	25474351	0	0	25474314	0	/static/img/goods/2.jpg
1	17	0	0	0	25480130	0	0	25472846	0	0	928064	/assets/img/main/4.jpg
1	0	0	1	0	0	25477923	0	0	25477923	0	0	/simpla/
1	5	0	0	0	25474126	0	0	25472850	0	0	141618	/assets/img/woman/shutterstock_591325595.jpg
1	1	0	0	0	25377348	0	0	25377348	0	0	77	/.well-known/pki-validation/031F7099AEE0960F33B1B8D52B120692.txt
1	0	0	0	1	0	0	25458674	0	0	25458674	0	/blog/robots.txt
1	5	0	0	0	25474567	0	0	25474364	0	0	82584	/assets/img/categories/cat6.jpg
1	6	0	0	2	25474567	0	25474356	25474363	0	25474356	188365	/assets/img/users/avatar3.jpg
1	3	0	0	0	25474244	0	0	25474139	0	0	1240800	/assets/fonts/Ubuntu-Light.ttf
1	6	0	0	0	25473604	0	0	25472850	0	0	55828	/assets/img/man/shutterstock-523136305.jpg
1	17	0	0	0	25483041	0	0	25474337	0	0	3544	/assets/iconic/svg/aperture.svg
1	1	0	0	0	25473092	0	0	25473092	0	0	2321	/index.php?com=admin
1	1	0	0	0	25375908	0	0	25375908	0	0	64	/.well-known/pki-validation/3832F23C9A8377BB019D68142EBB074A.txt
3	19	17	3	0	25481553	25463349	0	25375950	25460259	0	122795	http://www.goome.ru/
3	0	0	1	0	0	25464339	0	0	25464339	0	0	http://yandex.ru/clck/jsredir?bu=39l9lo&from=yandex.ru%3Bsearch/%3Bweb%3B%3B&text=&etext=1804.SkD8OvChnwwxHxSiUYVnMW2K8EnlztlxdqmWHD1b3ISd1vzA06BSImrSzPvmYZbVGJDF4k0-dUIP7dLrJXZxGw.5b9c277dfaaed2da8e9c37fcf20aa2f34c85040d&uuid=&state=PEtFfuTeVD5kpHnK9lio9dFa2ePbDzX7kPpTCH_rtQkH2bBEi5M--bO-cYhaTVRUPt9FXYN03weBS9nKEr_LVd0b6HOMUidQ&&cst=AiuY0DBWFJ5fN_r-AEszk761fiN3ZbziIj83VzECX2K_j4aJbudLjHePkmW2MlL67bxzIwVF7fOszVecuFb3-3Z-rtl_mX01Ey56vmxUwaCgiPrpsMEiOMpsTR_9nId0LYiXKiN77DOaAQkOeU4o7ioW-nP_sR6PH4rdMxKq-lQIR-15xoxgsSFXdSsTKoSFHvkFypHgnxkKaZcwbaF4RecrHG_fACi5H5EN-rWPuaGyNAbaqVKiip4E2Wvgh_D5ZCwKRV0nu7BFrNSisyexByQcHPW6fVCsTWgALBalZ90znCcpca4tXy32b7j0CJVd3Qsl71eugSmKtCCosV9fIF6w8XZ4UvHs3JVefnMKLwdz8EpGmmQiqbAT28_yhrym9s5fzy-98slAMzSttMpxPWYKuFHFBjWWvfabKzJuEFuNb9s46MfIY2dJDzgIO1aZkWRjHmqrcBYXPyDn0yTDSXhrW3O0NDuLypFUKoqt3dlVasReYO7nfdbH5Ff6PR52QtcRgfGLOYAHf27wedO6mvSWWM9LbSuTSEWXkF7ZiWnxstvlZsf6EholXiNMJlZ56EHNH-OoM4Da8_3-Wv-oGXmU5HcRLpXy9IVuMpCEKUCa0kBPNx2T_r_nCfJgVrjOsiEQGFJnkwX8KqlZ5tg0qwVuGKB11hBTXoS9uDJs60MuKCu6t-tmsyskuIkN31_UMeJnmFwY3LVaLM7vewtFt5nNVrwsvZJa90YzKpU2XORVzyFeZxygGnSY4lX-3vzeh7ZV3Eia2Pmmb0aSPLwyNCVwrnsgwl5olYR__U9_c_UB6KB3DP4IbwIUqCKmnf4z1WQtYwN8waEyWxd-RuTFfA,,&data=UlNrNmk5WktYejR0eWJFYk1LdmtxdVFGQTJZQk9aLWlqMDBBeGRCLW9hUlZoakpWU2hsMGp6UExnbmpFRUlwQl91OXNhQnBjbjlzeE1JbTBTdXVKTTlfYmc0QU9xREZw&sign=14968b6b29172084d5a397307e6b5857&keyno=0&b64e=2&ref=orjY4mGPRjk5boDnW0uvlrrd71vZw9kpjly_ySFdX80,&l10n=ru&cts=1527763165269&mc=3.864318569031747
3	0	0	1	0	0	25473092	0	0	25473092	0	0	http://goome.ru/mscms/
3	30	0	0	0	25474126	0	0	25472850	0	0	1176481	http://goome.ru/woman
3	0	0	0	1	0	0	25473092	0	0	25473092	0	http://goome.ru/netcat
3	2	0	0	0	25483051	0	0	25473092	0	0	48	http://goome.ru/robots.txt
3	1	1	0	0	25481189	0	0	25481189	0	0	2321	https://www.cjb.net/
3	0	0	1	0	0	25473092	0	0	25473092	0	0	http://goome.ru/netcat/
3	1	0	0	0	25473092	0	0	25473092	0	0	2321	http://goome.ru/index.php?com=admin
3	42	0	0	0	25474142	0	0	25474142	0	0	2682224	http://www.goome.ru/main
3	9	0	0	0	25483041	0	0	25472867	0	0	553081	https://l.facebook.com/
3	0	0	0	1	0	0	25473092	0	0	25473092	0	http://goome.ru/users/sign_in
3	8	0	0	0	25474140	0	0	25474139	0	0	445467	http://goome.ru/contacts
3	21	0	0	0	25474139	0	0	25473604	0	0	1018635	http://goome.ru/house
3	47	0	0	1	25474126	0	25474121	25472898	0	25474121	1358312	http://goome.ru/accessories
3	1	1	0	0	25483108	0	0	25483108	0	0	2321	http://l.instagram.com/?u=http://goome.ru/&e=ATPtBQ8JD0lCFVGWagKXQUEl8pKnstmUPX07C8k2nbR5cQIxHqvWA27zdthWnbpURNNRBhc16LQvFj93ZI1CJ0n41Y0ncTNYodKDEGnCDg
3	0	0	0	1	0	0	25473092	0	0	25473092	0	http://goome.ru/cms/admin
3	0	0	0	1	0	0	25473092	0	0	25473092	0	http://goome.ru/static/common.css
3	0	0	1	0	0	25461448	0	0	25461448	0	0	http://www.yandex.ru/clck/jsredir?from=yandex.ru;suggest;browser&text=
3	450	1	0	572	25483041	0	25483041	25472200	0	25472200	35170180	http://www.goome.ru/owner
3	7	0	0	0	25474128	0	0	25473604	0	0	356249	http://goome.ru/decor
3	0	0	0	1	0	0	25473092	0	0	25473092	0	http://goome.ru/adminzone
3	0	0	0	1	0	0	25473092	0	0	25473092	0	http://goome.ru/cms
3	74	0	0	0	25480130	0	0	25472846	0	0	5974287	http://goome.ru/assets/css/style.css
3	0	0	0	1	0	0	25376417	0	0	25376417	0	http://www.goome.ru/robots.txt
3	0	0	0	1	0	0	25473092	0	0	25473092	0	http://goome.ru/js/front.min.js
3	0	0	0	1	0	0	25473092	0	0	25473092	0	http://goome.ru/admin.php
3	0	0	0	1	0	0	25473092	0	0	25473092	0	http://goome.ru/admin/login.php
3	1	1	0	0	25478372	0	0	25478372	0	0	2321	http://virbot.ru/www.goome.ru
3	1	1	0	0	25481094	0	0	25481094	0	0	2321	http://cpa-otkat.ru/
3	47	0	0	0	25474126	0	0	25472877	0	0	2215752	http://goome.ru/man
3	0	0	0	1	0	0	25483051	0	0	25483051	0	http://goome.ru/JiL0mhtEkBuoaddmZ16ovXFfU
3	0	0	0	1	0	0	25473092	0	0	25473092	0	http://goome.ru/mscms
3	0	0	0	1	0	0	25473092	0	0	25473092	0	http://goome.ru/admin
3	2	0	0	0	25478001	0	0	25472417	0	0	0	http://goome.ru/favicon.ico
3	1	1	0	0	25482486	0	0	25482486	0	0	2321	http://yandex.ru/clck/jsredir?from=yandex.ru%3Bsearch%3Bweb%3B%3B&text=&etext=1817.DsaFlVhgevc1JAnuX4wGo7zoO4gShfYssexk0oSZibI.8f61ef61449b5bf6292c5b4eec68e6e7157673d1&uuid=&state=_BLhILn4SxNIvvL0W45KSic66uCIg23qh8iRG98qeIXmeppkgUc0YD4hgzqAYr5iuWBiLZQy-rY&data=UlNrNmk5WktYejR0eWJFYk1LdmtxdVFGQTJZQk9aLWlqMDBBeGRCLW9hU3FrRmdnWG5uNTI2TFRuNDgyY0psaExPWUMtTF9OV1JabVRQTWNCX3BhZmNBRnhITEctel9Z&b64e=2&sign=5a099dc5c24bc43e700e1183890f68e9&keyno=0&cst=AiuY0DBWFJ7IXge4WdYJQULnoVAFacUf0PQHYMzgpkrrOf1V6bN8ywfCj5HdP8OladOzvJkGIssVNcADBckloiJTPqzDqxl2WkvVG2Tol0jgrk1-dKAc1ZCqngT8EsmsxrQLMg0ThpjqwrbVdRQhvOEK-ykrw6ON&ref=orjY4mGPRjk5boDnW0uvlrrd71vZw9kp5uQozpMtKCW4RgmAu5ryJFXhQbz-omqTs_S__0wFseEp3wlzC5X79lNho_oldJ4KXF9G7sk1mc1ATf2wlORSqw&l10n=ru&cts=1528851128771&mc=4.44349427678
3	682	0	0	8	25480130	0	25474243	25472846	0	25473505	20702143	http://goome.ru/main
3	43	0	0	0	25474158	0	0	25474157	0	0	545344	http://www.goome.ru/help
3	0	0	1	0	0	25463421	0	0	25463421	0	0	http://yandex.ru/clck/jsredir?from=yandex.ru%3Bsearch%3Bweb%3B%3B&text=&etext=1804.P8zi2pJxaxoCDYW7sC1NucatSWLZ31dN3uGbcAFr27M.80facb8acf6ab555a3081d2f52b525f5becaaf04&uuid=&state=_BLhILn4SxNIvvL0W45KSic66uCIg23qh8iRG98qeIXmeppkgUc0YGHEttDsYq_w3pSJtejupWg&data=UlNrNmk5WktYejR0eWJFYk1LdmtxdVFGQTJZQk9aLWlqMDBBeGRCLW9hUWs2eW1DRGF2dmc3amlUX25DNnk3ZzBPZUltU3NsOVlwX3FtTjI1Z3VsSkhHV0FlbTZBellv&b64e=2&sign=5c8777445d6fe5b96618cb29ac6c6f1c&keyno=0&cst=AiuY0DBWFJ7IXge4WdYJQYuwSQLovbTTTTmBC6H88K_qhg2ylD37pyymwmRzW1mP1lQHUaxjFePmlVeyfMmUEuUeTx_cf6Ga40YTQa3L_HxAL3L2rugobhtlMlt-zz6pFptGOdCC0WFDWBOrjMa9ajW8DW7Mfpju&ref=orjY4mGPRjk5boDnW0uvlrrd71vZw9kp5uQozpMtKCVz9TJ3Mp6Dkfowo8l3sycDs7obQxaMRd2UXI6SrXIQ5kKD0pvzqm8CiQNv_-Yx-UD70MtfbHw9IA&l10n=ru&cts=1527703981815&mc=5.11480451452
3	0	0	0	1	0	0	25473092	0	0	25473092	0	http://goome.ru/administrator.php
3	1	0	0	2	25476181	0	25463254	25476181	0	25375976	2321	http://goome.ru/index.php
3	1	1	0	0	25380456	0	0	25380456	0	0	447	http://yandex.ru/clck/jsredir?from=yandex.ru%3Bsearch%3Bweb%3B%3B&text=&etext=1746.E02FUo9PVTOcbETIGhAMiggtQLehDxHW_p9T0m9dkl0.01ff57e66643fe2783f8e70cb736995159542ac5&uuid=&state=_BLhILn4SxNIvvL0W45KSic66uCIg23qh8iRG98qeIXmeppkgUc0YMIVJNtoWDTa6Ctl47TPu5I&data=UlNrNmk5WktYejR0eWJFYk1LdmtxdVFGQTJZQk9aLWlqMDBBeGRCLW9hUklyczNIc3BHOHZfSi1DNWxkUnh1aEpPVmVlUkRaWGJ6bWdkbjVqRHlCRGdkcEptZTA5VE15&b64e=2&sign=bc140d6f297b519c641e528b539a27ba&keyno=0&cst=AiuY0DBWFJ7IXge4WdYJQSaYtyyri96FF37Fl8UVJfu6rLoYgC7sY2PV1TweEOHFBVPo3SQT7AOCOswke5Vm8PyWhC-UYrNx1syskOYIgGQ4ibf2ADi7TJftlZNepwZLBaYz0n_a_qBLX3tWKgcE6Zb96WGJ9opC&ref=orjY4mGPRjk5boDnW0uvlrrd71vZw9kp5uQozpMtKCVD1_VsiHUAn9TIJukfAR38Q3A2_tTf3-eiuk_9ZlU1VagJhfF3li-8IOi8ca4EMXQ&l10n=ru&cts=1522729454432&mc=7.17310750193
3	2	2	0	0	25469889	0	0	25469889	0	0	1248	http://goome.ru/goome.ru/
3	0	0	0	1	0	0	25473092	0	0	25473092	0	http://goome.ru/manager
3	0	0	0	1	0	0	25473092	0	0	25473092	0	http://goome.ru/static/cartreminder.js
3	0	0	1	0	0	25473092	0	0	25473092	0	0	http://goome.ru/cms/admin/
3	0	0	1	0	0	25464340	0	0	25464340	0	0	http://yandex.ru/clck/jsredir?bu=5il9m2&from=yandex.ru%3Bsearch/%3Bweb%3B%3B&text=&etext=1804.kaXi12Os_6Ae99jCNUTe9G4mIECiTPRqyLZafJ-ObOw.01d41fe35a9308d6aa5362280eaddd26ea060808&uuid=&state=PEtFfuTeVD5kpHnK9lio9dFa2ePbDzX7kPpTCH_rtQkH2bBEi5M--bO-cYhaTVRURUnO35Bvb38Xg7O5xv37cPo5iQakiKaL&&cst=AiuY0DBWFJ5fN_r-AEszkxPczdeVI-2mfMvUr9M57yifPrtJx7HCuyKwAwJw5yCqvkQEivGRbpvwHHecoec4ajDk2A6TjzSzcIRHsMeGxLvLdeviA7QIdb4Gpw_5DSZIK2TD94FpiSCMAZd9Kj1owzZkH6eCta7Eyddqp4tArBrNNy-NCwcvUsp6JHdSLE3qz2qubme-GdNxOShszdADXU_Hg_pfqPyLrih3wWuT0koO5NZ6TU48PuI6ZOi9TUGQ2f2q9AjLn8TZZdayQsy8M9yCrRuvUpuCl5wHCGI6LuxPZpwddfYUOpbfeifhSNCVmEPh5bQubIYpYIOxWPj-nf2aCGMj1UWH6qqamY6ejyPN3REc27jB37qfdr-_bil_DB7txEAb7Ah9EUsQntJoPzFig7lQxekL8xI_BY38qH2LP0ej3qz9MTKC12BwDqUmEYoULelQtIgSQ3kTCgSZ7rD88CnDgEvV1UXsIt-PfY7S-AvIsry962x0GTFHUkAzBgZbAcGRq-ydNImqZO_QDig9deg1xsnznKgPfN-iIZAgP6MbUXD_VyYAA6hqBYsZlEtI6d_lgLi1oHzqI_XNDciTX0hIXwAq2MNO9Hl-9ClX6wh_djiv1qExLoY-IOuY9-BQJckXa6nFoomeGuYKQMeHo8vqv0EdoC__I0m2nc9AhpHpiHO54w24LsVK0BO9euFzWtw6B_UON-Vo2vUR-zkvDXcT8XB6HaRMDSmsWWYI7jbF6zf0M7U4V5P6YOcgh1XK_5LVWa3TqBn447iKf_DqUd6EU6H6BpxTqpAGMjnLo6mD8ZaOC9PCRBqTN355V3alMPc6qRSqgwLD3tK3L7_2tq_qOsm8opSgSTGLnYSWAxLJ2UrXMFRtaxeSOFCnqP13gbRd65v2oBfRf7wLTN2msM6GpBl0oH9F0F8tLehFBVTt8BNfrs6dNbbklDhmTK6uQDguV9sbRtKOt_mRRMBFxaSg3N2LAgvF1GNwLt1158jgqrqPPFPE7AfKvPAMSmxPsZu2tDUJxqow58K2n-Ki0I6FBF0KCUeS4YD3hWDIW1stOzujEdxnMsJvcxj26MUH70tioDM,&data=UlNrNmk5WktYejR0eWJFYk1LdmtxdVFGQTJZQk9aLWlqMDBBeGRCLW9hUlZoakpWU2hsMGoxeERkUDhrazFySngyRlo3eGc1T1c0RFBGa0NVZ0pFYlZEUGRBNm5wQjhl&sign=7b2b2510b004d2e671c74334205540f5&keyno=0&b64e=2&ref=orjY4mGPRjk5boDnW0uvlrrd71vZw9kpjly_ySFdX80,&l10n=ru&cts=1527763210580&mc=4.4224421364731725
3	0	0	0	1	0	0	25473092	0	0	25473092	0	http://goome.ru/administrator
3	22	0	0	36	25472098	0	25472126	25472062	0	25472062	67274	http://www.goome.ru/cabinet/
3	1	1	0	0	25478973	0	0	25478973	0	0	2321	http://advokaty-24.ru/
3	2	0	0	0	25471984	0	0	25471980	0	0	0	http://goome.ru/i.php
3	1	1	0	0	25482922	0	0	25482922	0	0	2321	https://yandex.ru/search/?text=Goome.ru,&clid=1955453-040&win=252
3	20	0	0	0	25474244	0	0	25474244	0	0	353087	http://goome.ru/rules
3	0	0	1	0	0	25473092	0	0	25473092	0	0	http://goome.ru/cms/
3	94	0	0	0	25474140	0	0	25472894	0	0	3133267	http://goome.ru/children
3	1	1	0	0	25376074	0	0	25376074	0	0	447	http://yandex.ru/clck/jsredir?from=yandex.ru%3Bsearch%3Bweb%3B%3B&text=&etext=1743.DlpqnU2L7nV7gARFcDvkubb8HlH2GF57RXvX42EKb_g.554b68d93ba1128fad4b791a02aee9b9cc1974ab&uuid=&state=_BLhILn4SxNIvvL0W45KSic66uCIg23qh8iRG98qeIXmeppkgUc0YGftRg9cP1erjBfVTUcXDXk&data=UlNrNmk5WktYejR0eWJFYk1LdmtxdVFGQTJZQk9aLWlqMDBBeGRCLW9hUTl0anRvTWxVcmZycy1TUFhic1N0YW5XWFdwSWtwMkpXNmxWRGtlaG85bV93UXVBMWpJYmtP&b64e=2&sign=3d2c7f748435aa8d578fdaf3db4901de&keyno=0&cst=AiuY0DBWFJ7IXge4WdYJQYpgPUyh7uQlw7qbFqhVWtFpvGjPSfp3YlDYv4L8jlJ8TSC6HMADk5_e_0FrdkVSnyofIGuAIfJQcp87V_e4AhUGNUD0g3tycjmhsczCUzRVrC0iAKCmGuEAnf0CSsawYtRpO4EaTNsJ&ref=orjY4mGPRjk5boDnW0uvlrrd71vZw9kp5uQozpMtKCW4RgmAu5ryJIndb6PjTWVc4ERc9AMAVQHcMG2hTEA9flC96l7U7kMvI04qYb1UHokU6Vr6A3Lh-Q&l10n=ru&cts=1522464410540&mc=3.16349699541
3	3	3	0	0	25375950	0	0	25375949	0	0	1341	http://mail.goome.ru/
3	14	0	0	0	25474126	0	0	25473604	0	0	943373	http://goome.ru/food
3	58	47	9	8	25483051	25463568	25470002	25375976	25456949	25378407	148232	http://goome.ru/
3	4	0	0	0	25474839	0	0	25472861	0	0	219356	http://m.facebook.com/
3	1	1	0	0	25376468	0	0	25376468	0	0	447	http://l.instagram.com/?u=http://goome.ru/&e=ATNya6SFpzbVav2KaB-dFwOJu83y9lliVDmhJX5kzYbmbd9Ffv0aL73w8uix1L6gHfxJki0uy59ye9R4SucqjwDUvDQ6BIuBhHARWpMu7g
3	8	0	0	0	25474158	0	0	25474142	0	0	1099876	http://www.goome.ru/assets/css/style.css
3	0	0	1	0	0	25461921	0	0	25461921	0	0	https://yandex.ru/
4	0	0	4	11	0	25482748	25482748	0	25474759	25473268	0	Opera/9.80 (Windows NT 5.1; U; ru) Presto/2.9.168 Version/11.50
4	0	0	1	0	0	25463421	0	0	25463421	0	0	Mozilla/4.0 (compatible; MSIE 8.0; Windows NT 5.1; Trident/4.0; .NET CLR 2.0.50727; .NET CLR 3.0.4506.2152; .NET CLR 3.5.30729; .NET4.0C; .NET4.0E)
4	1	1	0	0	25483051	0	0	25483051	0	0	2321	Mozilla/5.0 (Windows NT 10.0; WOW64; rv:41.0) Gecko/20100101 Firefox/41.0
4	1	1	0	0	25376074	0	0	25376074	0	0	447	Mozilla/5.0 (compatible; MSIE 10.0; Windows NT 6.1; WOW64; Trident/6.0; Touch; ASU2JS)
4	0	0	1	0	0	25456537	0	0	25456537	0	0	Mozilla/5.0 (Windows; U; Windows NT 5.1; ru; rv:1.9.0.1) Gecko/2008070208
4	1	1	0	0	25375951	0	0	25375951	0	0	447	Mozilla/5.0 (Windows NT 10.0; Win64; x64) AppleWebKit/537.36 (KHTML, like Gecko) Chrome/52.0.2743.116 Safari/537.36 Edge/15.15063
4	1	1	0	0	25475204	0	0	25475204	0	0	2321	Mozilla/4.0 (compatible; MSIE 7.0; Windows NT 6.1; WOW64; Trident/6.0;)
4	1	1	0	0	25375950	0	0	25375950	0	0	447	Mozilla/5.0 (iPhone; CPU iPhone OS 11_2_5 like Mac OS X) AppleWebKit/604.5.6 (KHTML, like Gecko) Version/11.0 Mobile/15D60 Safari/604.1
4	1	1	0	0	25376468	0	0	25376468	0	0	447	Mozilla/5.0 (iPhone; CPU iPhone OS 11_0_1 like Mac OS X) AppleWebKit/604.1.38 (KHTML, like Gecko) Mobile/15A402 Instagram 21.0.0.10.61 (iPhone9,3; iOS 11_0_1; ru_RU; ru-RU; scale=2.00; gamut=wide; 750x1334)
4	14	12	1	2	25481911	25461750	25465681	25377904	25461750	25377902	109259	Mozilla/5.0 (compatible; statdom.ru/Bot; +http://statdom.ru/bot.html)
4	5	5	2	0	25480327	25461225	0	25379050	25456449	0	108002	Mozilla/5.0 (Windows NT 6.2; WOW64; rv:17.0) Gecko/20100101 Firefox/17.0
4	1	1	0	0	25478982	0	0	25478982	0	0	2321	Mozilla/5.0 (Windows; U; Windows NT 5.1; de; rv:1.9.1.5) Gecko/20091102 Firefox/3.5.5
4	2	2	0	7	25470193	0	25379387	25379387	0	25379387	906	Mozilla/5.0 (Windows NT 10.0; Win64; x64) AppleWebKit/537.36 (KHTML, like Gecko) Chrome/61.0.3163.100 Safari/537.36
4	1	1	0	1	25377545	0	25377545	25377545	0	25377545	447	SafeDNSBot (https://www.safedns.com/searchbot)
4	1	1	0	0	25475444	0	0	25475444	0	0	2321	Mozilla/5.0 (Windows NT 6.0) AppleWebKit/537.36 (KHTML, like Gecko) Chrome/34.0.1847.116 Safari/537.36
4	0	0	0	2	0	0	25470198	0	0	25465722	0	Mozilla/5.0 (Windows NT 6.1; WOW64) AppleWebKit/537.36 (KHTML, like Gecko) Chrome/55.0.2883.87 Safari/537.36
4	1	1	0	0	25483108	0	0	25483108	0	0	2321	Mozilla/5.0 (iPhone; CPU iPhone OS 11_2_2 like Mac OS X) AppleWebKit/604.4.7 (KHTML, like Gecko) Mobile/15C202 Instagram 49.0.0.14.178 (iPhone10,6; iOS 11_2_2; ru_RU; ru-RU; scale=3.00; gamut=wide; 1125x2436)
4	1	1	0	11	25468049	0	25480376	25468049	0	25375697	447	Mozilla/5.0 (Windows NT 6.1; Win64; x64) AppleWebKit/537.36 (KHTML, like Gecko) Chrome/62.0.3202.94 Safari/537.36
4	8	8	0	2	25468906	0	25468905	25468905	0	25468905	3576	Mozilla/5.0 (compatible; MJ12bot/v1.4.7; http://mj12bot.com/)
4	1	1	0	0	25471691	0	0	25471691	0	0	118781	Mozilla/5.0 (Macintosh; Intel Mac OS X 10_11_6) AppleWebKit/537.36 (KHTML, like Gecko) Chrome/56.0.2924.87 Safari/537.36
4	65	48	9	32	25482537	25463602	25474208	25375579	25458467	25375579	55684	Mozilla/5.0 (compatible; YandexBot/3.0; +http://yandex.com/bots)
4	26	0	0	0	25475271	0	0	25375908	0	0	1846	COMODO DCV
4	2	2	2	2	25482466	25464500	25464499	25464499	25464392	25464499	2768	Mozilla/5.0 (Windows NT 10.0; Win64; x64; rv:61.0) Gecko/20100101 Firefox/61.0
4	2	2	0	1	25474397	0	25468832	25470198	0	25468832	2780	Mozilla/5.0 (Windows NT 10.0; WOW64; rv:51.0) Gecko/20100101 Firefox/51.0
4	4	4	0	0	25475093	0	0	25379273	0	0	3662	Mozilla/5.0 (Macintosh; Intel Mac OS X 10_12_6) AppleWebKit/537.36 (KHTML, like Gecko) Chrome/60.0.3112.90 Safari/537.36
4	0	0	0	1	0	0	25461946	0	0	25461946	0	Mozilla/5.45886 (Windows NT 6.1) AppleWebKit/537.36 (KHTML, like Gecko) Chrome/45886 Safari/537.36
4	1	1	0	0	25375950	0	0	25375950	0	0	447	Mozilla/5.0 (Linux; Android 6.0.1; Nexus 5X Build/MMB29P) AppleWebKit/537.36 (KHTML, like Gecko; Google Page Speed Insights) Chrome/41.0.2272.118 Mobile Safari/537.36
4	1	1	0	0	25468923	0	0	25468923	0	0	447	Mozilla/5.42703 (Windows NT 6.1) AppleWebKit/537.36 (KHTML, like Gecko) Chrome/42703 Safari/537.36
4	0	0	0	1	0	0	25467326	0	0	25467326	0	Mozilla/5.0 (compatible; proximic; +http://www.proximic.com/info/spider.php)
4	1	0	0	2	25474397	0	25474397	25474397	0	25468832	24	Mozilla/5.0 (Windows NT 10.0; WOW64) AppleWebKit/537.36 (KHTML, like Gecko) Chrome/55.0.2883.87 Safari/537.36
4	1	1	0	0	25468849	0	0	25468849	0	0	447	Mozilla/5.0 (Windows NT 10.0; Win64; x64) AppleWebKit/537.36 (KHTML, like Gecko) Chrome/62.0.3202.62 Safari/537.36
4	1	0	0	0	25473488	0	0	25473488	0	0	2321	Mozilla/4.0 (compatible; MSIE 6.0; Windows NT 5.1)
4	0	0	0	6	0	0	25379489	0	0	25378688	0	Mozilla/5.0 (Windows NT 6.1; WOW64) AppleWebKit/537.36 (KHTML, like Gecko) Chrome/36.0.1985.125 Safari/537.36
4	0	0	1	0	0	25462175	0	0	25462175	0	0	Mozilla/5.0 (compatible; StatOnlineRuBot/1.0)
4	0	0	1	0	0	25462807	0	0	25462807	0	0	Mozilla/5.0 (Windows NT 6.1) AppleWebKit/537.36 (KHTML, like Gecko) Chrome/41.0.2226.0 Safari/537.36
4	0	0	0	5	0	0	25463742	0	0	25463742	0	Opera/9.80 (Windows NT 5.1; U; ru) Presto/2.2.15 Version/10.10
4	4	4	0	0	25482150	0	0	25379658	0	0	5536	Mozilla/5.0 (Linux; Android 6.0.1; Nexus 5X Build/MMB29P) AppleWebKit/537.36 (KHTML, like Gecko) Chrome/41.0.2272.96 Mobile Safari/537.36 (compatible; Googlebot/2.1; +http://www.google.com/bot.html)
4	1	1	0	0	25472543	0	0	25472543	0	0	2321	Mozilla/5.0 (Windows NT 10.0; WOW64) AppleWebKit/537.36 (KHTML, like Gecko) Chrome/62.0.3202.89 Safari/537.36 OPR/49.0.2725.47
4	1	1	0	0	25473918	0	0	25473918	0	0	2321	Mozilla/5.0 (Macintosh; Intel Mac OS X 10.10; rv:53.0) Gecko/20100101 Firefox/53.0
4	1	1	0	1	25483051	0	25464237	25483051	0	25464237	2321	Mozilla/5.0 (iPhone; U; CPU iPhone OS 4_0 like Mac OS X; en-us) AppleWebKit/532.9 (KHTML, like Gecko) Version/4.0.5 Mobile/8A293 Safari/6531.22.7
4	1	1	0	0	25471536	0	0	25471536	0	0	118739	Mozilla/5.0 (X11; Ubuntu; Linux x86_64; rv:46.0) Gecko/20100101 Firefox/46.0
4	0	0	1	0	0	25460248	0	0	25460248	0	0	Opera/9.80 (Windows NT 5.1; U; ru) Presto/2.2.15 Version/10.01
4	6	6	0	0	25482429	0	0	25473539	0	0	13926	Mozilla/5.0 (Windows NT 6.1) AppleWebKit/537.36 (KHTML, like Gecko) Chrome/42.0.2311.90 Safari/537.36
4	7	7	1	0	25483045	25461992	0	25464540	25461992	0	222680	Mozilla/5.0 (iPhone; CPU iPhone OS 11_3 like Mac OS X) AppleWebKit/605.1.15 (KHTML, like Gecko) Version/11.0 Mobile/15E148 Safari/604.1
4	8	8	4	0	25470608	25463147	0	25375625	25457597	0	101857	Go 1.1 package http
4	0	0	0	3	0	0	25465559	0	0	25460048	0	Mozilla/5.0 (Windows NT 6.1; WOW64; rv:23.0) Gecko/20100101 Firefox/23.0
4	1	1	0	1	25474397	0	25465722	25474397	0	25465722	2321	Mozilla/5.0 (Windows NT 10.0; Win64; x64) AppleWebKit/537.36 (KHTML, like Gecko) Chrome/55.0.2883.87 Safari/537.36
4	3	1	4	15	25473092	25473092	25473092	25473092	25473092	25473092	4666	Mozilla/5.0 (compatible; uCrawler/1.0 ; +https://blog.ucoz.ru/upolicy)
4	1	1	0	0	25479108	0	0	25479108	0	0	2321	python-requests/2.18.4
4	9	1	1	0	25474847	25456411	0	25471980	25456411	0	513258	Mozilla/5.0 (Windows NT 6.1; WOW64) AppleWebKit/537.36 (KHTML, like Gecko) Chrome/66.0.3359.170 Safari/537.36 OPR/53.0.2907.68
4	1	1	0	0	25380456	0	0	25380456	0	0	447	Mozilla/5.0 (Windows NT 10.0; Win64; x64) AppleWebKit/537.36 (KHTML, like Gecko) Chrome/58.0.3029.110 Safari/537.36 Edge/16.16299
4	6	6	0	2	25468664	0	25465965	25378186	0	25378186	2682	Mozilla/5.0 (compatible; openstat.ru/Bot)
4	13	13	5	0	25476520	25463571	0	25375730	25457803	0	115264	Mozilla/5.0 (X11; Linux x86_64) AppleWebKit/537.36 (KHTML, like Gecko) Chrome/34.0.1847.132 Safari/537.36
4	0	0	2	2	0	25458867	25458866	0	25456578	25456577	0	Mozilla/5.0 (compatible; DotBot/1.1; http://www.opensiteexplorer.org/dotbot, help@moz.com)
4	1	1	0	0	25470442	0	0	25470442	0	0	459	Mozilla/5.0 (Windows NT 6.3; Win64; x64; rv:57.0) Gecko/20100101 Firefox/57.0
4	1	1	0	1	25468832	0	25468832	25468832	0	25468832	447	Mozilla/5.0 (Windows NT 6.1; WOW64) AppleWebKit/537.36 (KHTML, like Gecko) Chrome/56.0.2924.87 Safari/537.36
4	0	0	0	1	0	0	25456393	0	0	25456393	0	Mozilla/5.0 (Windows NT 6.2; Win64) AppleWebKit/530.68.16 (KHTML, like Gecko) Chrome/55.0.5765.0493 Safari/532.98 OPR/41.9.4943.9670
4	144	5	0	11	25480450	0	25474757	25465696	0	25465696	7826348	Mozilla/5.0 (Windows NT 10.0; Win64; x64) AppleWebKit/537.36 (KHTML, like Gecko) Chrome/66.0.3359.181 Safari/537.36
4	1	1	0	0	25470102	0	0	25470102	0	0	624	MJ12bot/1.1 (+http://search.msn.com/msnbot.htm)
4	1	1	0	0	25470198	0	0	25470198	0	0	459	Mozilla/5.0 (Macintosh; Intel Mac OS X 10.11; rv:51.0) Gecko/20100101 Firefox/51.0
4	4	2	0	0	25478001	0	0	25472417	0	0	4642	Mozilla/5.0 (compatible; DuckDuckGo-Favicons-Bot/1.0; +http://duckduckgo.com)
4	1	1	0	0	25467074	0	0	25467074	0	0	447	Mozilla/5.0 (compatible; NetcraftSurveyAgent/1.0; +info@netcraft.com)
4	0	0	1	0	0	25477923	0	0	25477923	0	0	Mozilla/4.0 (compatible; MSIE 8.0; Windows NT 5.1; Trident/4.0; MRA 5.9 (build 4953); .NET CLR 1.1.4322; .NET CLR 2.0.50727)
4	1	1	0	0	25375976	0	0	25375976	0	0	447	Virusdie crawler/3.0
4	4	4	2	0	25481100	25462845	0	25375717	25459888	0	5536	Mozilla/5.0 (Macintosh; Intel Mac OS X 10_12_6) AppleWebKit/537.36 (KHTML, like Gecko) Chrome/61.0.3163.100 Safari/537.36
4	0	0	0	1	0	0	25481479	0	0	25481479	0	Mozilla/5.0 (Windows NT 6.1; Win64; x64) AppleWebKit/537.36 (KHTML, like Gecko) Chrome/60.0.3112.113 Safari/537.36
4	1	1	0	1	25468080	0	25470198	25468080	0	25470198	447	Mozilla/5.0 (Windows NT 10.0; Win64; x64) AppleWebKit/537.36 (KHTML, like Gecko) Chrome/51.0.2704.79 Safari/537.36 Edge/14.14393
4	1	1	0	0	25483041	0	0	25483041	0	0	2321	Mozilla/5.0 (Windows NT 6.1; WOW64; rv:33.0) Gecko/20100101 Firefox/33.0
4	0	0	1	0	0	25457071	0	0	25457071	0	0	Mozilla/5.0 (compatible; Dataprovider.com;)
4	49	0	1	0	25472876	25458967	0	25472876	25458967	0	47528	Mozilla/5.0 (Macintosh; Intel Mac OS X 10_13_4) AppleWebKit/605.1.15 (KHTML, like Gecko) Version/11.1 Safari/605.1.15
4	1	1	0	1	25468558	0	25468558	25468558	0	25468558	447	Mozilla/5.0 (Windows NT 10.0; WOW64) AppleWebKit/535.28.71 (KHTML, like Gecko) Chrome/54.8.3013.8385 Safari/531.98
4	1	1	0	0	25477923	0	0	25477923	0	0	2321	Opera/9.80 (Windows NT 5.1; U; ru) Presto/2.8.131 Version/11.10
4	0	0	0	1	0	0	25470198	0	0	25470198	0	Mozilla/5.0 (Windows NT 10.0; WOW64) AppleWebKit/537.36 (KHTML, like Gecko) Chrome/56.0.2924.87 Safari/537.36
4	0	0	1	0	0	25457477	0	0	25457477	0	0	Mozilla/5.0 (Windows NT 10.0; WOW64; rv:42.0) Gecko/20100101 Firefox/42.0
4	0	0	1	0	0	25461448	0	0	25461448	0	0	Mozilla/5.0 (Macintosh; Intel Mac OS X 10_11_4) AppleWebKit/537.36 (KHTML, like Gecko) Chrome/65.0.3325.181 YaBrowser/18.4.1.643 Yowser/2.5 Safari/537.36
4	2	2	0	2	25380826	0	25380826	25380760	0	25380760	894	Mozilla/5.0 (Windows NT 10.0; Win64; x64) AppleWebKit/537.36 (KHTML, like Gecko) Chrome/65.0.3325.181 Safari/537.36
4	2	1	0	0	25481943	0	0	25481943	0	0	2321	Mozilla/5.0 (Macintosh; Intel Mac OS X 10_13_4) AppleWebKit/537.36 (KHTML, like Gecko) Chrome/67.0.3396.79 Safari/537.36
4	1	1	0	1	25375976	0	25375976	25375976	0	25375976	447	Mozilla/5.0 (Windows NT 6.1; Win64; rv:38.0) Gecko/20100101 Firefox/38.0
4	0	0	1	0	0	25477923	0	0	25477923	0	0	Opera/9.80 (Windows NT 6.1; U; ru) Presto/2.6.35 Version/10.70
4	1	1	0	1	25467940	0	25467940	25467940	0	25467940	447	Mozilla/5.0 (Windows NT 5.2; WOW64; x64) AppleWebKit/532.82.29 (KHTML, like Gecko) Version/5.2.7 Safari/530.64
4	1	0	0	0	25476181	0	0	25476181	0	0	2321	Mozilla/5.0 (Windows NT 6.3; Win64; x64) AppleWebKit/537.36 (KHTML, like Gecko) Chrome/62.0.3202.89 Safari/537.36 OPR/49.0.2725.47
4	2	1	0	0	25474100	0	0	25474100	0	0	2321	Mozilla/5.0 (X11; Linux x86_64) AppleWebKit/537.36 (KHTML, like Gecko) Chrome/49.0.2623.75 Safari/537.36 Google Favicon
4	1	1	0	0	25481189	0	0	25481189	0	0	2321	Mozilla/5.0 (Linux; Android 6.0.1; Nexus 5X Build/MMB29P) AppleWebKit/537.36 (KHTML, like Gecko) Chrome/41.0.2272.96 Mobile Safari/537.36
4	0	0	1	0	0	25461921	0	0	25461921	0	0	Mozilla/5.0 (Linux; Android 7.1.1; MI MAX 2 Build/NMF26F) AppleWebKit/537.36 (KHTML, like Gecko) Chrome/65.0.3325.181 YaBrowser/18.4.1.488.00 Mobile Safari/537.36
4	2	1	0	0	25482922	0	0	25482922	0	0	2321	Mozilla/5.0 (Windows NT 6.1; WOW64) AppleWebKit/537.36 (KHTML, like Gecko) Chrome/65.0.3325.181 YaBrowser/18.4.1.871 Yowser/2.5 Safari/537.36
4	1	1	0	0	25473744	0	0	25473744	0	0	2321	Mozilla/5.0 (Windows NT 6.1; WOW64) AppleWebKit/537.36 (KHTML, like Gecko) Chrome/61.0.3163.100 YaBrowser/17.10.0.2017 Yowser/2.5 Safari/537.36
4	73	0	0	4	25474839	0	25474839	25472861	0	25474839	2848561	Mozilla/5.0 (iPhone; CPU iPhone OS 11_3 like Mac OS X) AppleWebKit/605.1.15 (KHTML, like Gecko) Mobile/15E302 [FBAN/MessengerForiOS;FBAV/167.0.0.57.96;FBBV/109575372;FBDV/iPhone9,3;FBMD/iPhone;FBSN/iOS;FBSV/11.3.1;FBSS/2;FBCR/lifecell;FBID/phone;FBLC/ru_RU;FBOP/5;FBRV/0]
4	72	2	0	4	25483041	0	25483041	25476202	0	25483041	5096068	Mozilla/5.0 (Windows NT 10.0; Win64; x64) AppleWebKit/537.36 (KHTML, like Gecko) Chrome/67.0.3396.79 Safari/537.36
4	0	0	1	0	0	25458641	0	0	25458641	0	0	Mozilla/5.0 (Windows NT 10.0; WOW64; rv:54.0) Gecko/20100101 Firefox/54.0
4	1	1	2	0	25466549	25462304	0	25466549	25459246	0	447	Mozilla/5.0 (Windows NT 6.3; WOW64) AppleWebKit/537.36 (KHTML, like Gecko) Chrome/36.0.1985.143 Safari/537.36
4	0	0	0	1	0	0	25471901	0	0	25471901	0	Mozilla/5.55991 (Windows NT 6.1) AppleWebKit/537.36 (KHTML, like Gecko) Chrome/55991 Safari/537.36
4	0	0	1	1	0	25477923	25477923	0	25477923	25477923	0	Mozilla/5.0 (Windows; U; Windows NT 6.1; ru; rv:1.9.2.2) Gecko/20100316 Firefox/3.6.2 WebMoney Advisor
4	1	1	0	0	25467595	0	0	25467595	0	0	447	Mozilla/5.0 (Windows NT 10.0; Win64; x64) AppleWebKit/537.36 (KHTML, like Gecko) Chrome/58.0.3029.110 Safari/537.36
4	21	13	5	47	25481943	25462970	25483135	25376978	25457482	25376846	121200	Mozilla/5.0 (compatible; Googlebot/2.1; +http://www.google.com/bot.html)
4	0	0	0	10	0	0	25380693	0	0	25375926	0	Mozilla/5.0 (compatible; SemrushBot/1.2~bl; +http://www.semrush.com/bot.html)
4	6	0	0	0	25472853	0	0	25472853	0	0	82296	facebookexternalhit/1.1
4	2	1	0	0	25480941	0	0	25480941	0	0	2345	DomainCrawler/3.0 (info@domaincrawler.com; http://www.domaincrawler.com/goome.ru)
4	1	0	0	0	25481553	0	0	25481553	0	0	24	Mozilla/5.0 (Windows NT 6.1; WOW64) AppleWebKit/537.36 (KHTML, like Gecko) Chrome/34.0.1847.137 Safari/537.36
4	5	5	0	0	25481946	0	0	25466721	0	0	4463	Mozilla/5.0 (Macintosh; Intel Mac OS X 10_9_2) AppleWebKit/537.36 (KHTML, like Gecko) Chrome/38.0.2125.111 Safari/537.36
4	1	1	0	0	25474515	0	0	25474515	0	0	2321	Mozilla/5.99316 (Windows NT 6.1) AppleWebKit/537.36 (KHTML, like Gecko) Chrome/99316 Safari/537.36
4	8	8	0	14	25468889	0	25468889	25468889	0	25468889	3576	Mozilla/5.0 (X11; Linux x86_64; rv:52.0) Gecko/20100101 Firefox/52.0
4	1	1	0	0	25379522	0	0	25379522	0	0	447	Mozilla/5.0 (Windows NT 10.1; rv:37.0) Gecko/20100101 Firefox/37.0
4	0	0	1	0	0	25458642	0	0	25458642	0	0	Mozilla/5.0 (Macintosh; Intel Mac OS X 10_11_6) AppleWebKit/537.36 (KHTML, like Gecko) Chrome/54.0.2840.98 Safari/537.36
4	14	1	1	25	25472098	25472098	25472098	25471854	25472098	25471853	122878	Mozilla/5.0 (Windows NT 10.0; Win64; x64) AppleWebKit/537.36 (KHTML, like Gecko) Chrome/67.0.3396.62 Safari/537.36
4	0	0	0	2	0	0	25469062	0	0	25469062	0	Mozilla/5.0 (Macintosh; U; Intel Mac OS X 10.6; fr; rv:1.9.2.8) Gecko/20100722 Firefox/3.6.8
4	2	1	0	0	25477663	0	0	25477663	0	0	2321	Mozilla/5.0 (Linux; Android 5.1.1; SM-J105H Build/LMY47V; wv) AppleWebKit/537.36 (KHTML, like Gecko) Version/4.0 Chrome/55.0.2883.91 Mobile Safari/537.36 YandexSearch/6.10
4	2	1	0	0	25473001	0	0	25473001	0	0	2321	Mozilla/5.0 (Macintosh; Intel Mac OS X 10_11_6) AppleWebKit/537.36 (KHTML, like Gecko) Chrome/66.0.3359.181 Safari/537.36
4	0	0	0	2	0	0	25482236	0	0	25482236	0	libwww-perl/6.05
4	0	0	1	0	0	25458732	0	0	25458732	0	0	Mozilla/5.60553 (Windows NT 6.1) AppleWebKit/537.36 (KHTML, like Gecko) Chrome/60553 Safari/537.36
4	1	1	0	0	25379181	0	0	25379181	0	0	447	Opera/9.20 (X11; Linux x86_64; U; en)
4	0	0	1	0	0	25477923	0	0	25477923	0	0	Mozilla/4.0 (compatible; MSIE 7.0; Windows NT 6.1; Trident/5.0; SLCC2; .NET CLR 2.0.50727; .NET CLR 3.5.30729; .NET CLR 3.0.30729; Media Center PC 6.0; .NET4.0C)
4	0	0	0	3	0	0	25376430	0	0	25376430	0	Mozilla/5.0 (Windows NT 6.1; rv:19.0) Gecko/20100101 Firefox/19.0
4	1	1	0	0	25467327	0	0	25467327	0	0	447	Mozilla/5.0 (compatible; proximic; +https://www.comscore.com/Web-Crawler)
4	1	0	0	0	25480552	0	0	25480552	0	0	24	Mozilla/5.0 (compatible; MSIE 10.0; Windows NT 6.1; WOW64; Trident/6.0)
4	3	1	4	5	25471365	25456411	25471383	25471349	25456392	25471349	119147	Mozilla/5.0 (Windows NT 6.1; Win64; x64) AppleWebKit/537.36 (KHTML, like Gecko) Chrome/66.0.3359.181 Safari/537.36
4	3	3	0	0	25465993	0	0	25465722	0	0	1341	Mozilla/5.0 (X11; Linux x86_64) AppleWebKit/537.36 (KHTML, like Gecko) Chrome/56.0.2924.87 Safari/537.36
4	0	0	1	0	0	25479973	0	0	25479973	0	0	Mozilla/5.1886 (Windows NT 6.1) AppleWebKit/537.36 (KHTML, like Gecko) Chrome/1886 Safari/537.36
4	1359	35	5	766	25483057	25473511	25474722	25465707	25472062	25468899	85178363	Mozilla/5.0 (Windows NT 10.0; Win64; x64; rv:60.0) Gecko/20100101 Firefox/60.0
4	17	17	4	1	25481046	25463349	25376417	25378173	25460946	25376417	224849	Mozilla/5.0 (Windows NT 6.1; WOW64) AppleWebKit/537.36 (KHTML, like Gecko) Chrome/50.0.2661.102 Safari/537.36; 360Spider
4	2	2	0	0	25478036	0	0	25477231	0	0	4642	Mozilla/5.8
4	19	14	4	8	25481152	25463928	25468549	25468158	25459608	25459608	13874	Mozilla/5.0 (compatible; MJ12bot/v1.4.8; http://mj12bot.com/)
4	1	1	0	0	25469816	0	0	25469816	0	0	624	Mozilla/5.7
4	0	0	1	0	0	25458625	0	0	25458625	0	0	Mozilla/5.0 (Macintosh; Intel Mac OS X 10_12_6) AppleWebKit/537.36 (KHTML, like Gecko) Chrome/66.0.3359.181 Safari/537.36
4	0	0	2	0	0	25456949	0	0	25456949	0	0	Mozilla/5.0 (Linux; U; Android 4.4.2; ru-ru; GT-S6102B Build/GINGERBREAD) AppleWebKit/533.1 (KHTML, like Gecko) Version/4.0 Mobile Safari/533.1
4	0	0	1	0	0	25458351	0	0	25458351	0	0	Mozilla/5.3
4	50	0	0	1	25474179	0	25474179	25472875	0	25474179	386888	Mozilla/5.0 (Windows NT 6.3; Win64; x64) AppleWebKit/537.36 (KHTML, like Gecko) Chrome/66.0.3359.181 Safari/537.36
4	2	0	0	0	25472876	0	0	25472876	0	0	134187	Mozilla/5.0 (iPhone; CPU iPhone OS 11_3 like Mac OS X) AppleWebKit/605.1.15 (KHTML, like Gecko) Mobile/15E302 [FBAN/MessengerForiOS;FBAV/167.0.0.57.96;FBBV/109575372;FBDV/iPhone9,4;FBMD/iPhone;FBSN/iOS;FBSV/11.3.1;FBSS/3;FBCR/Tele2;FBID/phone;FBLC/ru_RU;FBOP/5;FBRV/0]
4	0	0	8	6	0	25456612	25456612	0	25456611	25456612	0	Mozilla/5.0 (Windows NT 5.1; rv:7.0.1) Gecko/20100101 Firefox/7.0.1
4	1	1	0	0	25481094	0	0	25481094	0	0	2321	Mozilla/5.0 (X11; Linux x86_64) AppleWebKit/537.4 (KHTML, like Gecko) Chrome/22.0.1229.94 Safari/537.4
4	0	0	2	0	0	25464340	0	0	25464339	0	0	Mozilla/5.0 (Windows NT 10.0; WOW64; Trident/7.0; rv:11.0) like Gecko
4	1	1	0	0	25378980	0	0	25378980	0	0	447	Mozilla/5.0 (Windows NT 5.1) AppleWebKit/537.36 (KHTML, like Gecko) Chrome/49.0.2623.112 Safari/537.36
4	5	5	0	1	25478372	0	25378407	25378407	0	25378407	4109	Mozilla/5.0 (Windows NT 6.1; Win64; x64) AppleWebKit/537.36 (KHTML, like Gecko) Chrome/65.0.3325.181 Safari/537.36
4	0	0	1	1	0	25463254	25463254	0	25463254	25463254	0	Mozilla/5.0 (Windows NT 8.0; Win64; rv:32.1) Gecko/20100101 Firefox/32.1
4	2	2	0	0	25375950	0	0	25375949	0	0	894	Mozilla/5.0 (Windows NT 10.0; Win64; x64) AppleWebKit/537.36 (KHTML, like Gecko) Chrome/64.0.3282.186 Safari/537.36
4	1	1	0	0	25480788	0	0	25480788	0	0	2321	Mozilla/4.0 (compatible; MSIE 6.0; Windows NT 5.1; SV1)
4	5	5	2	0	25481553	25460259	0	25466698	25458530	0	9731	Mozilla/5.0 (X11; Datanyze; Linux x86_64) AppleWebKit/537.36 (KHTML, like Gecko) Chrome/65.0.3325.181 Safari/537.36
4	1	1	1	0	25473798	25464158	0	25473798	25464158	0	2321	Wget/1.17.1 (linux-gnu)
4	7	4	2	18	25482652	25463870	25467917	25467920	25458996	25458995	5785	Mozilla/5.0 (compatible; bingbot/2.0; +http://www.bing.com/bingbot.htm)
4	2	2	0	0	25478973	0	0	25468832	0	0	2768	Mozilla/5.0 (Windows NT 6.1; WOW64; rv:51.0) Gecko/20100101 Firefox/51.0
4	1	1	0	0	25464811	0	0	25464811	0	0	447	Mozilla/5.0 (Windows NT 10.0; rv:57.0) Gecko/20100101 Firefox/57.0
4	0	0	1	7	0	25458674	25458674	0	25458674	25458674	0	Mozilla/5.0 (Windows NT 10.0; WOW64) AppleWebKit/537.36 (KHTML, like Gecko) Chrome/49.0.2623.75 Safari/537.36 OPR/36.0.2130.32
4	62	0	1	4	25483041	25463070	25472853	25472853	25463070	25472853	207391	facebookexternalhit/1.1 (+http://www.facebook.com/externalhit_uatext.php)
4	1	0	0	1	25483051	0	25483051	25483051	0	25483051	24	Mozilla/5.0 (Windows NT 6.3; WOW64; rv:41.0) Gecko/20100101 Firefox/41.0
4	0	0	1	0	0	25458471	0	0	25458471	0	0	Mozilla/5.0 (Macintosh; Intel Mac OS X 10_12_6) AppleWebKit/604.3.5 (KHTML, like Gecko) Version/11.0.1 Safari/604.3.5
4	0	0	0	1	0	0	25477923	0	0	25477923	0	Mozilla/4.0 (compatible; MSIE 8.0; Windows NT 5.1; Trident/4.0; GTB6.3; MRSPUTNIK 2, 3, 0, 301; MRA 5.7 (build 03790))
4	1	1	0	0	25477923	0	0	25477923	0	0	2321	Mozilla/4.0 (compatible; MSIE 8.0; Windows NT 5.1; Trident/4.0; .NET4.0C; .NET4.0E)
4	0	0	1	1	0	25461532	25457380	0	25461532	25457380	0	Mozilla/5.0 (Windows NT 10.0; Win64; x64) AppleWebKit/537.36 (KHTML, like Gecko) Chrome/57.0.2987.133 Safari/537.36
4	1	1	1	6	25472162	25473090	25473966	25472162	25473090	25473237	2321	Mozilla/5.0 (Windows NT 6.2; WOW64) Runet-Research-Crawler (itrack.ru/research/cmsrate; rating@itrack.ru)
4	5	3	1	2	25481750	25457610	25457610	25378142	25457610	25378142	5137	Mozilla/5.0 (compatible; Linux x86_64; Mail.RU_Bot/Robots/2.0; +http://go.mail.ru/help/robots)
4	0	0	0	1	0	0	25378769	0	0	25378769	0	Mozilla/5.0 (compatible; Baiduspider/2.0; +http://www.baidu.com/search/spider.html)
4	0	0	1	0	0	25464246	0	0	25464246	0	0	Mozilla/5.0 (compatible; MegaIndex.ru/2.0; +http://megaindex.com/crawler)
4	2	2	0	0	25376263	0	0	25376263	0	0	894	Mozilla/5.0(compatible;MSIE9.0;WindowsNT6.1;Trident/5.0)
4	1	1	0	0	25375950	0	0	25375950	0	0	447	Mozilla/5.0 (iPhone; CPU iPhone OS 11_2_6 like Mac OS X) AppleWebKit/604.5.6 (KHTML, like Gecko) Version/11.0 Mobile/15D100 Safari/604.1
4	7	7	5	2	25482391	25463990	25472099	25468054	25457518	25472099	108995	Mozilla/5.0 (compatible; YandexMetrika/2.0; +http://yandex.com/bots)
4	1	1	0	0	25468876	0	0	25468876	0	0	447	Mozilla/5.0 (Windows NT 6.1; Win64; x64) AppleWebKit/537.36 (KHTML, like Gecko) Chrome/63.0.3239.84 Safari/537.36
4	3	3	0	2	25482486	0	25380642	25380642	0	25380642	5089	Mozilla/5.0 (Windows NT 6.1; Win64; x64; rv:59.0) Gecko/20100101 Firefox/59.0
4	0	0	1	0	0	25463056	0	0	25463056	0	0	Mozilla/5.0 (Windows NT 6.1; Win64; x64; rv:60.0) Gecko/20100101 Firefox/60.0
4	0	0	0	2	0	0	25466116	0	0	25466116	0	Mozilla/5.0 (compatible; Linux x86_64; Mail.RU_Bot/2.0; +http://go.mail.ru/help/robots)
4	1	1	0	0	25467326	0	0	25467326	0	0	447	facebookexternalua
4	2	0	0	0	25472875	0	0	25472875	0	0	47528	Mozilla/5.0 (Windows NT 6.1; WOW64) SkypeUriPreview Preview/0.5
4	1	1	0	0	25480033	0	0	25480033	0	0	2321	Mozilla/5.0 (Windows NT 10.0; WOW64) AppleWebKit/537.36 (KHTML, like Gecko) Chrome/57.0.2987.133 Safari/537.36
4	1	1	1	0	25475664	25459235	0	25475664	25459235	0	2321	Mozilla/5.0 (Windows NT 6.3; WOW64) AppleWebKit/537.36 (KHTML, like Gecko) Chrome/40.0.2214.115 Safari/537.36
4	1	1	0	0	25375949	0	0	25375949	0	0	447	Mozilla/5.0 (iPhone; CPU iPhone OS 10_3_3 like Mac OS X) AppleWebKit/603.3.8 (KHTML, like Gecko) Version/10.0 Mobile/14G60 Safari/602.1
4	0	0	0	1	0	0	25466357	0	0	25466357	0	Mozilla/5.0 (compatible; MJ12bot/v1.4.7; http://www.majestic12.co.uk/bot.php?+)
4	1	1	2	0	25472302	25463568	0	25472302	25463567	0	2321	Mozilla/5.0 (Windows; U; Windows NT 5.1; en-US; rv:1.9.2.8) Gecko/20100721 Firefox/3.6.8
4	0	0	1	0	0	25464196	0	0	25464196	0	0	Mozilla/5.0 (Macintosh; Intel Mac OS X 10_12_5) AppleWebKit/537.36 (KHTML, like Gecko) Chrome/58.0.3029.110 Safari/537.36
4	0	0	0	2	0	0	25377400	0	0	25377400	0	Mozilla/5.0 (Windows NT 5.1; rv:6.0.2) Gecko/20100101 Firefox/6.0.2
4	3	1	0	1	25470868	0	25375357	25375357	0	25375357	471	Mozilla/5.0 (compatible; archive.org_bot +http://www.archive.org/details/archive.org_bot)
5	93	74	0	71	25380826	0	25380826	25375357	0	25375357	34476	54.36.187.89
5	2135	273	117	1075	25483108	25482748	25483135	25464499	25456392	25456393	104296902	82.202.201.59
z	0	671	0	25483057	0
z	1	8	7	25472149	44
z	2	70	1	25483051	2925
z	3	437	196	25483041	225484
z	4	248	122	25483108	588930
z	5	556	8	25483041	28752640
z	6	232	13	25483041	61085669
z	7	6	0	25474530	13675686
c	200	1590	25483108
c	301	117	25482748
c	304	638	25483041
c	404	958	25483135
c	500	188	25474243
