CACHE type 5 produced by analog 6.0/Unix. Do not modify or delete!
T	0	0	12	1	0	0	1392
D	25456166	25475271
17677	257	7	0	513
17677	285	1	1	623
17690	225	2	0	128
17691	46	2	0	128
1	1	0	0	0	25475271	0	0	25475271	0	0	64	/.well-known/pki-validation/6B8B6528D8E88C11C30CCE6D518EA996.txt
1	4	0	0	0	25456167	0	0	25456166	0	0	308	/.well-known/pki-validation/36F740B8D3B3A1A100BF88BB367E5A63.txt
1	1	1	0	0	25456306	0	0	25456306	0	0	623	/
1	1	0	0	0	25456166	0	0	25456166	0	0	77	/.well-known/pki-validation/BC255D094CEB7AA06172208954DE1EBF.txt
1	1	0	0	0	25475271	0	0	25475271	0	0	64	/.well-known/pki-validation/98B13E188FD7F671302CF586672CC205.txt
1	1	0	0	0	25474728	0	0	25474728	0	0	64	/.well-known/pki-validation/52F5B5CDD0DB744FD5E815018755AFE5.txt
1	1	0	0	0	25456166	0	0	25456166	0	0	64	/.well-known/pki-validation/ED4381FF880CEBA5467647F5920ABE36.txt
1	1	0	0	0	25456166	0	0	25456166	0	0	64	/.well-known/pki-validation/0BEACA3C412A758D31A0FD3E818EA796.txt
1	1	0	0	0	25474728	0	0	25474728	0	0	64	/.well-known/pki-validation/627124D97036FDABB0B5D6D10D5A37ED.txt?82.202.201.59
4	1	1	0	0	25456306	0	0	25456306	0	0	623	Mozilla/5.0 (Windows NT 10.0; Win64; x64; rv:57.0) Gecko/20100101 Firefox/57.0
4	11	0	0	0	25475271	0	0	25456166	0	0	769	COMODO DCV
5	12	1	0	0	25475271	0	0	25456166	0	0	1392	82.202.201.59
z	2	11	0	25475271	769
z	3	1	1	25456306	623
c	200	12	25475271
